ProblemType:	CARP
NumberNodes:	1094
NumberEdges:	1447
DepotNodeNumber:	144
NumberOfFractions:	1
NumberOfIntervalsForFraction	General_Glass_Metal_Plastic_Organic	1	14
GRAPH
EdgeNumber	EdgeId	StartNodeNumber	EndNodeNumber	Cost	Demand_0	Bins_0
START
0	0	0	1	58	0	0
1	1	2	3	47	510	1
2	2	4	5	25	408	2
3	6	6	7	26	1020	1
4	12	0	8	32	0	0
5	17	10	0	36	0	0
6	19	11	1	27	0	0
7	21	9	7	43	0	0
8	22	7	11	46	0	0
9	24	1	10	23	0	0
10	26	3	9	11	0	0
11	28	12	13	27	0	0
12	29	14	15	218	11322	25
13	31	14	13	140	10192	39
14	44	16	17	87	0	0
15	56	18	19	67	0	0
16	57	20	19	17	0	0
17	59	21	20	52	1020	1
18	60	18	22	52	0	0
19	61	23	18	47	0	0
20	70	27	28	262	0	0
21	123	34	35	26	0	0
22	131	31	37	108	0	0
23	189	38	39	27	0	0
24	190	39	40	222	4080	4
25	214	42	43	40	561	4
26	265	46	48	239	0	0
27	293	51	52	28	4080	4
28	294	53	54	39	3060	3
29	295	54	55	46	0	0
30	300	56	51	28	0	0
31	321	57	58	40	7624	32
32	324	59	60	112	0	0
33	325	61	59	84	0	0
34	326	62	63	73	0	0
35	329	64	65	8	188	1
36	330	63	65	71	0	0
37	333	63	58	51	0	0
38	336	61	58	262	0	0
39	338	59	66	20	0	0
40	364	68	69	19	0	0
41	369	67	72	62	1020	1
42	374	68	75	29	408	2
43	379	75	74	146	1020	2
44	381	70	76	74	510	1
45	414	81	82	73	0	0
46	416	83	84	98	2040	2
47	421	85	84	118	0	0
48	422	85	81	268	0	0
49	426	86	27	77	0	0
50	454	88	89	98	1020	1
51	558	94	95	75	10200	18
52	561	94	96	13	0	0
53	564	97	98	163	0	0
54	565	95	98	159	0	0
55	567	95	96	66	0	0
56	569	100	101	725	0	0
57	570	96	101	224	0	0
58	572	99	102	14	0	0
59	575	103	97	24	0	0
60	576	103	104	365	0	0
61	577	105	99	19	0	0
62	607	109	108	448	0	0
63	627	111	112	125	816	2
64	630	113	112	153	0	0
65	639	116	117	43	0	0
66	647	118	120	346	0	0
67	653	114	115	207	238	1
68	704	123	124	32	510	1
69	714	125	127	91	0	0
70	716	127	128	51	0	0
71	728	130	127	56	0	0
72	740	131	132	50	1700	4
73	741	132	133	35	0	0
74	760	13	137	105	2040	2
75	761	137	138	59	0	0
76	795	141	142	630	0	0
77	832	144	145	208	408	1
78	833	146	144	68	816	2
79	834	147	148	31	816	2
80	838	150	148	121	0	0
81	840	148	149	196	0	0
82	862	154	155	69	816	2
83	863	156	155	121	0	0
84	864	153	156	107	0	0
85	865	156	157	345	0	0
86	887	159	160	63	0	0
87	891	162	163	64	2040	4
88	893	97	159	21	0	0
89	894	159	103	27	0	0
90	898	164	165	139	3060	3
91	901	166	167	100	4080	4
92	902	168	165	63	1020	2
93	903	165	167	43	1020	1
94	945	169	170	85	2040	2
95	964	34	172	22	0	0
96	965	172	35	24	0	0
97	976	174	173	79	0	0
98	988	178	179	328	0	0
99	991	179	180	5	0	0
100	993	181	182	74	0	0
101	999	179	183	187	0	0
102	1000	184	185	379	0	0
103	1070	44	192	311	0	0
104	1126	196	197	87	0	0
105	1127	198	197	9	0	0
106	1143	200	199	197	510	1
107	1147	201	146	181	0	0
108	1148	201	49	287	0	0
109	1149	49	202	197	0	0
110	1171	204	109	772	0	0
111	1179	205	206	284	0	0
112	1180	207	205	238	0	0
113	1184	208	209	308	1224	4
114	1185	208	206	78	0	0
115	1191	210	211	37	1020	1
116	1193	206	213	66	0	0
117	1196	211	214	542	0	0
118	1197	211	212	41	0	0
119	1216	145	207	32	0	0
120	1238	216	157	199	0	0
121	1239	216	217	348	0	0
122	1240	218	219	66	0	0
123	1252	221	220	93	0	0
124	1256	222	223	48	204	1
125	1312	108	232	24	0	0
126	1328	233	234	161	0	0
127	1352	235	242	57	0	0
128	1358	241	245	105	0	0
129	1367	246	243	93	0	0
130	1370	245	236	624	0	0
131	1393	250	251	13	0	0
132	1395	252	250	15	0	0
133	1408	254	253	19	0	0
134	1411	255	253	22	0	0
135	1412	256	257	138	612	3
136	1415	256	258	35	0	0
137	1416	259	260	24	1020	1
138	1418	261	262	52	3400	4
139	1419	256	263	326	0	0
140	1420	259	264	14	0	0
141	1421	265	264	9	0	0
142	1423	267	258	42	0	0
143	1425	264	268	116	0	0
144	1430	258	269	263	0	0
145	1432	265	259	19	0	0
146	1434	266	265	69	0	0
147	1435	270	266	53	0	0
148	1438	271	270	32	1836	3
149	1520	274	275	60	612	3
150	1529	275	276	372	0	0
151	1532	277	276	73	0	0
152	1535	277	278	47	0	0
153	1537	279	277	75	0	0
154	1597	280	281	52	0	0
155	1622	284	285	37	816	2
156	1627	263	286	125	0	0
157	1630	285	287	203	0	0
158	1637	289	267	74	0	0
159	1640	291	292	53	0	0
160	1645	293	292	20	0	0
161	1654	292	280	41	0	0
162	1655	263	289	50	0	0
163	1673	294	295	17	0	0
164	1677	295	296	11	0	0
165	1682	299	300	11	0	0
166	1686	301	302	37	0	0
167	1687	303	301	15	374	2
168	1689	300	303	87	0	0
169	1690	302	304	10	374	2
170	1701	306	307	73	1020	1
171	1706	82	307	107	2856	4
172	1719	310	309	19	0	0
173	1720	311	309	16	0	0
174	1754	313	314	54	0	0
175	1770	317	318	29	94	1
176	1774	320	321	264	0	0
177	1775	322	323	233	4420	6
178	1776	323	321	44	0	0
179	1777	321	324	220	0	0
180	1778	323	325	27	0	0
181	1780	326	327	31	0	0
182	1781	328	329	56	0	0
183	1785	330	328	24	510	1
184	1786	331	330	98	816	2
185	1787	331	332	112	0	0
186	1788	327	332	36	0	0
187	1808	333	334	31	1632	4
188	1831	335	336	142	0	0
189	1846	337	338	38	0	0
190	1850	339	340	273	0	0
191	1880	341	342	124	0	0
192	1881	343	344	936	0	0
193	1883	345	346	131	0	0
194	1885	342	98	122	2040	2
195	1920	351	17	60	188	1
196	2033	356	357	97	5814	12
197	2046	358	359	29	0	0
198	2047	360	361	74	0	0
199	2049	362	360	15	0	0
200	2068	367	357	163	0	0
201	2076	358	369	55	0	0
202	2077	122	357	148	0	0
203	2082	367	368	50	936	5
204	2131	370	371	263	0	0
205	2159	372	373	48	188	1
206	2161	373	374	145	0	0
207	2178	221	223	25	0	0
208	2179	223	375	313	0	0
209	2201	376	377	44	510	1
210	2210	167	378	56	0	0
211	2218	378	380	243	0	0
212	2219	376	381	31	0	0
213	2226	381	379	312	0	0
214	2228	187	382	239	0	0
215	2230	33	378	427	0	0
216	2231	33	187	261	0	0
217	2235	171	383	32	0	0
218	2236	171	385	83	0	0
219	2241	385	384	306	0	0
220	2259	387	60	7	1020	1
221	2261	66	388	253	0	0
222	2273	389	390	6	0	0
223	2274	389	391	42	0	0
224	2288	393	394	21	0	0
225	2289	394	224	79	0	0
226	2330	397	398	26	0	0
227	2334	399	400	45	1020	1
228	2348	400	401	19	0	0
229	2418	406	407	408	0	0
230	2426	408	203	32	0	0
231	2445	61	409	81	7168	24
232	2451	411	412	20	0	0
233	2458	413	411	56	748	4
234	2490	415	416	76	2040	2
235	2497	417	410	43	0	0
236	2514	410	412	48	0	0
237	2539	422	423	98	188	1
238	2542	29	421	48	0	0
239	2543	421	422	139	0	0
240	2585	426	427	89	0	0
241	2587	428	426	19	0	0
242	2588	184	427	292	0	0
243	2589	428	429	91	0	0
244	2592	184	430	153	0	0
245	2639	433	434	42	0	0
246	2644	435	436	26	1020	1
247	2646	438	434	14	1020	1
248	2652	436	433	21	0	0
249	2654	437	435	21	2040	4
250	2660	433	438	3	0	0
251	2661	233	236	23	0	0
252	2674	440	441	143	1632	4
253	2761	443	444	62	0	0
254	2768	445	446	81	0	0
255	2774	325	447	123	0	0
256	2775	448	320	69	0	0
257	2778	446	324	32	0	0
258	2781	449	447	55	2040	4
259	2802	450	451	45	2040	4
260	2859	453	455	607	1020	1
261	2864	456	457	34	816	4
262	2865	458	459	31	5100	6
263	2866	460	461	5	0	0
264	2867	462	463	13	0	0
265	2868	461	464	6	0	0
266	2871	466	465	24	0	0
267	2872	465	457	73	0	0
268	2873	463	460	35	1020	1
269	2875	467	468	115	2040	2
270	2877	464	466	39	1020	1
271	2896	469	470	133	408	1
272	2926	471	470	1094	0	0
273	2973	473	474	33	3060	3
274	2976	474	475	28	0	0
275	2981	371	386	113	0	0
276	2982	212	371	243	0	0
277	2986	476	477	64	0	0
278	2989	478	477	54	0	0
279	3017	480	481	157	816	4
280	3029	78	483	48	0	0
281	3030	483	484	21	0	0
282	3038	486	487	46	0	0
283	3040	487	455	68	0	0
284	3042	489	490	40	0	0
285	3043	483	488	26	0	0
286	3044	491	487	34	0	0
287	3045	485	489	235	0	0
288	3047	490	486	14	510	1
289	3050	491	489	58	0	0
290	3051	488	484	23	0	0
291	3076	492	443	153	1020	1
292	3124	495	496	66	408	1
293	3126	497	369	41	0	0
294	3133	369	500	28	0	0
295	3137	273	495	27	0	0
296	3138	495	500	29	0	0
297	3139	500	358	26	0	0
298	3145	501	502	27	0	0
299	3149	501	175	205	0	0
300	3155	107	26	182	0	0
301	3157	139	503	258	0	0
302	3163	504	505	220	0	0
303	3192	506	507	105	1428	4
304	3193	507	152	207	0	0
305	3203	508	509	39	5100	5
306	3257	510	503	61	408	2
307	3262	513	510	76	0	0
308	3271	514	515	47	1360	2
309	3274	515	516	19	0	0
310	3279	517	518	30	0	0
311	3281	518	519	87	952	4
312	3282	520	475	155	119	1
313	3284	521	522	104	0	0
314	3285	523	521	267	0	0
315	3304	525	526	305	0	0
316	3309	527	528	5	0	0
317	3310	529	527	172	1360	2
318	3311	529	431	34	0	0
319	3313	530	396	198	188	1
320	3314	427	531	308	0	0
321	3317	532	533	27	0	0
322	3321	534	532	85	0	0
323	3323	533	534	24	510	1
324	3361	536	14	87	3570	12
325	3362	536	537	27	0	0
326	3364	538	539	64	4080	8
327	3365	540	538	4	0	0
328	3366	539	138	24	0	0
329	3367	138	14	66	0	0
330	3397	541	542	21	510	1
331	3405	545	15	135	3060	5
332	3456	548	549	52	0	0
333	3467	552	553	713	816	2
334	3470	205	549	255	0	0
335	3471	215	553	369	0	0
336	3472	549	551	40	0	0
337	3476	554	555	39	1836	4
338	3479	557	143	31	0	0
339	3480	555	556	153	0	0
340	3481	558	556	225	0	0
341	3500	561	310	66	0	0
342	3501	560	561	81	1020	1
343	3504	310	311	21	0	0
344	3523	563	564	117	1020	1
345	3527	562	566	53	816	2
346	3529	568	569	34	0	0
347	3533	564	569	21	0	0
348	3535	570	327	89	1496	10
349	3536	326	571	180	0	0
350	3538	571	564	36	0	0
351	3540	569	571	23	0	0
352	3594	572	573	198	1020	1
353	3653	575	576	119	935	5
354	3657	577	575	95	0	0
355	3660	478	476	13	0	0
356	3666	574	577	42	0	0
357	3669	580	578	26	0	0
358	3693	105	102	21	0	0
359	3711	584	86	278	0	0
360	3726	585	505	110	0	0
361	3728	586	505	251	0	0
362	3756	587	588	76	1632	4
363	3789	588	293	17	0	0
364	3803	589	326	42	0	0
365	3806	590	591	86	374	4
366	3815	593	594	80	0	0
367	3818	594	444	236	1020	1
368	3823	596	432	403	0	0
369	3844	347	592	51	0	0
370	3855	599	598	318	0	0
371	3857	600	598	575	0	0
372	3858	597	601	313	0	0
373	3945	602	151	177	0	0
374	3947	603	604	202	0	0
375	3949	604	150	351	0	0
376	3957	149	604	219	0	0
377	3974	312	608	1302	0	0
378	3976	608	546	340	0	0
379	3977	546	609	776	0	0
380	3978	524	312	4	0	0
381	3987	607	73	541	0	0
382	4001	612	613	33	8080	20
383	4012	615	612	22	0	0
384	4042	618	619	111	1004	3
385	4063	620	621	15	2380	10
386	4065	622	623	98	238	1
387	4070	624	625	28	0	0
388	4072	626	622	18	3060	3
389	4075	625	620	6	0	0
390	4076	621	625	28	0	0
391	4080	628	629	1146	0	0
392	4081	630	631	120	204	1
393	4082	625	632	129	4080	4
394	4084	634	635	8	0	0
395	4085	636	637	104	0	0
396	4089	624	635	71	0	0
397	4090	627	636	41	0	0
398	4099	624	576	83	0	0
399	4101	640	639	787	0	0
400	4102	640	638	36	0	0
401	4103	641	638	41	0	0
402	4104	634	642	83	0	0
403	4106	643	637	15	0	0
404	4107	644	643	34	2040	4
405	4109	579	632	132	0	0
406	4113	639	630	24	0	0
407	4118	642	623	35	1190	5
408	4119	640	641	17	0	0
409	4136	647	648	261	0	0
410	4141	649	650	86	0	0
411	4144	648	650	152	0	0
412	4149	651	525	82	0	0
413	4197	197	653	241	0	0
414	4201	655	656	127	0	0
415	4202	657	656	113	0	0
416	4203	340	655	243	0	0
417	4247	658	659	79	1428	4
418	4248	660	110	41	0	0
419	4249	661	531	91	0	0
420	4252	185	531	85	0	0
421	4253	662	663	188	0	0
422	4255	110	662	291	816	2
423	4260	664	660	82	1632	4
424	4298	665	666	33	510	1
425	4316	120	668	139	0	0
426	4339	668	125	202	0	0
427	4345	75	670	78	0	0
428	4373	445	672	74	0	0
429	4374	673	674	5	0	0
430	4378	675	676	140	119	1
431	4388	676	289	44	0	0
432	4389	677	673	54	510	1
433	4392	674	671	43	204	1
434	4396	677	672	50	0	0
435	4403	657	31	234	0	0
436	4434	679	680	163	0	0
437	4435	680	681	11	0	0
438	4437	682	683	50	0	0
439	4438	681	684	58	0	0
440	4440	684	682	67	0	0
441	4449	686	687	35	2448	4
442	4450	688	689	47	816	4
443	4452	690	691	85	0	0
444	4453	686	690	421	0	0
445	4454	687	689	73	0	0
446	4456	600	688	28	0	0
447	4458	600	693	123	0	0
448	4459	694	695	292	0	0
449	4460	693	696	873	0	0
450	4461	697	698	376	0	0
451	4462	685	699	4	0	0
452	4464	699	694	33	0	0
453	4465	700	698	384	0	0
454	4467	30	692	496	0	0
455	4474	701	693	173	0	0
456	4508	645	702	145	0	0
457	4529	702	706	269	0	0
458	4542	706	708	217	15520	12
459	4544	709	710	441	0	0
460	4564	711	705	51	867	4
461	4566	702	712	65	2040	2
462	4567	690	709	74	0	0
463	4568	713	707	120	3060	3
464	4585	683	681	179	2040	2
465	4592	715	716	53	188	1
466	4596	716	718	72	0	0
467	4599	719	720	58	1020	1
468	4609	721	723	123	0	0
469	4611	721	724	76	0	0
470	4632	726	580	91	0	0
471	4646	727	728	27	0	0
472	4652	354	727	120	0	0
473	4661	728	730	110	0	0
474	4663	731	732	377	0	0
475	4666	729	731	400	0	0
476	4667	733	734	15	2720	4
477	4685	117	733	36	0	0
478	4716	735	298	219	0	0
479	4719	735	726	43	0	0
480	4724	305	737	47	0	0
481	4727	736	738	180	1020	1
482	4730	739	737	27	2040	4
483	4762	741	742	11	0	0
484	4763	743	744	84	0	0
485	4766	741	745	23	0	0
486	4768	746	742	23	6120	6
487	4770	747	745	21	0	0
488	4773	390	748	76	0	0
489	4778	750	751	160	0	0
490	4780	744	752	110	0	0
491	4783	747	749	16	0	0
492	4785	749	754	83	0	0
493	4787	753	750	109	0	0
494	4788	390	747	36	0	0
495	4789	755	754	8	0	0
496	4790	744	750	49	0	0
497	4791	755	389	136	0	0
498	4793	756	748	21	0	0
499	4794	754	751	9	0	0
500	4799	752	755	9	0	0
501	4801	756	537	102	0	0
502	4802	748	389	76	0	0
503	4803	757	758	26	0	0
504	4804	758	759	60	0	0
505	4805	759	545	112	2244	4
506	4806	567	757	74	2040	4
507	4818	650	760	192	0	0
508	4862	252	251	14	0	0
509	4863	762	763	582	408	2
510	4864	764	765	307	1020	1
511	4889	766	767	229	0	0
512	4893	609	92	289	0	0
513	4905	142	768	11	0	0
514	4930	769	770	275	408	2
515	4931	382	769	5	0	0
516	4932	770	718	53	0	0
517	4939	771	772	4	0	0
518	4940	773	771	66	1224	3
519	4941	774	116	130	0	0
520	4943	775	116	72	0	0
521	4944	540	772	47	0	0
522	4945	774	776	26	0	0
523	4946	772	775	54	0	0
524	4947	777	778	120	0	0
525	4948	779	775	71	0	0
526	4949	780	779	124	816	2
527	4965	782	783	51	7372	24
528	4968	784	785	59	2040	4
529	4969	786	776	22	0	0
530	4970	778	776	14	0	0
531	4972	787	786	41	5662	8
532	4973	783	62	49	0	0
533	4976	785	788	15	188	1
534	5063	15	589	155	0	0
535	5064	589	789	51	0	0
536	5065	790	568	33	0	0
537	5066	789	790	121	1581	9
538	5093	663	232	184	816	2
539	5156	791	191	122	0	0
540	5159	84	544	80	0	0
541	5160	81	544	398	0	0
542	5187	797	224	89	0	0
543	5192	795	794	98	0	0
544	5194	580	796	24	0	0
545	5195	796	578	19	0	0
546	5215	799	800	27	0	0
547	5216	801	802	45	0	0
548	5220	800	803	23	0	0
549	5231	804	802	44	0	0
550	5233	801	121	39	0	0
551	5235	804	801	55	0	0
552	5236	806	805	36	0	0
553	5238	806	800	123	0	0
554	5253	299	808	66	1003	6
555	5302	778	781	5	0	0
556	5303	781	774	15	0	0
557	5304	777	809	20	0	0
558	5305	810	811	12	0	0
559	5306	810	755	33	0	0
560	5307	812	813	88	1020	1
561	5308	809	814	56	238	1
562	5309	815	814	78	2040	5
563	5311	743	814	50	0	0
564	5312	752	751	7	0	0
565	5313	812	753	73	0	0
566	5314	811	777	44	0	0
567	5316	752	810	33	0	0
568	5321	743	813	78	0	0
569	5327	816	817	147	204	1
570	5405	821	820	71	408	1
571	5410	92	104	69	0	0
572	5417	161	821	130	0	0
573	5444	823	352	361	408	2
574	5451	826	825	96	0	0
575	5461	822	826	16	0	0
576	5469	767	828	219	0	0
577	5470	827	583	55	0	0
578	5478	826	583	174	0	0
579	5531	348	528	533	0	0
580	5533	831	830	744	0	0
581	5542	831	242	160	0	0
582	5546	679	596	94	0	0
583	5551	830	408	36	0	0
584	5568	71	832	84	0	0
585	5575	832	833	223	1224	3
586	5591	835	836	35	1020	1
587	5636	761	838	13	0	0
588	5637	249	91	633	0	0
589	5638	294	296	19	0	0
590	5640	839	838	15	0	0
591	5641	838	294	108	0	0
592	5647	840	649	267	0	0
593	5688	841	842	25	7724	24
594	5691	842	843	16	0	0
595	5692	844	845	79	8394	12
596	5694	846	847	70	0	0
597	5695	848	849	28	816	4
598	5696	850	844	21	0	0
599	5701	851	850	50	7532	11
600	5702	847	852	18	0	0
601	5706	852	853	52	7140	7
602	5711	847	845	27	0	0
603	5719	854	855	10	0	0
604	5723	856	857	52	8160	4
605	5725	540	40	59	0	0
606	5731	858	859	6	0	0
607	5732	854	40	6	0	0
608	5734	38	860	20	0	0
609	5736	857	854	21	0	0
610	5738	860	856	63	0	0
611	5765	392	12	97	17340	17
612	5780	861	862	14	0	0
613	5785	863	864	28	0	0
614	5786	864	624	150	0	0
615	5788	866	867	49	0	0
616	5790	865	866	176	7774	13
617	5792	868	867	14	0	0
618	5793	868	863	22	0	0
619	5794	863	635	220	0	0
620	5795	577	868	41	0	0
621	5797	869	870	25	8468	36
622	5798	870	871	65	0	0
623	5799	860	869	105	0	0
624	5800	869	872	24	0	0
625	5801	370	553	170	0	0
626	5806	873	874	318	1207	4
627	5851	875	876	137	0	0
628	5854	877	878	47	408	1
629	5855	402	879	113	0	0
630	5858	454	879	13	0	0
631	5861	402	875	40	0	0
632	5865	880	876	54	0	0
633	5867	879	880	15	0	0
634	5869	880	454	14	0	0
635	5917	502	882	184	1020	1
636	5927	420	883	216	0	0
637	5986	885	243	1077	0	0
638	5995	315	885	128	0	0
639	6040	582	181	98	0	0
640	6087	521	887	340	0	0
641	6114	391	888	143	8160	16
642	6115	888	811	18	0	0
643	6122	656	36	252	0	0
644	6130	889	335	153	816	2
645	6132	394	890	19	0	0
646	6137	890	393	16	0	0
647	6139	891	226	434	0	0
648	6154	655	339	172	0	0
649	6182	37	892	189	1020	1
650	6190	254	255	29	0	0
651	6192	535	255	22	0	0
652	6212	894	895	41	1632	4
653	6217	381	896	15	0	0
654	6218	887	523	104	0	0
655	6220	896	897	173	408	1
656	6222	897	523	67	0	0
657	6236	898	899	592	0	0
658	6237	900	803	643	0	0
659	6239	703	901	443	0	0
660	6240	803	799	28	0	0
661	6242	900	901	417	0	0
662	6244	901	696	562	0	0
663	6255	824	106	476	0	0
664	6266	902	16	20	0	0
665	6269	134	893	162	0	0
666	6287	903	892	265	1020	1
667	6288	892	657	121	0	0
668	6291	904	905	97	0	0
669	6292	906	907	37	680	1
670	6294	456	905	6	0	0
671	6300	907	50	68	0	0
672	6304	905	907	23	0	0
673	6307	466	50	9	0	0
674	6345	909	910	55	0	0
675	6355	174	314	323	0	0
676	6357	909	911	99	0	0
677	6360	911	174	160	0	0
678	6367	667	909	35	0	0
679	6375	343	346	51	0	0
680	6401	509	913	17	0	0
681	6402	914	915	38	2040	2
682	6405	915	916	38	4080	6
683	6406	916	388	171	0	0
684	6407	917	915	35	680	1
685	6408	918	919	53	1428	2
686	6409	919	388	52	0	0
687	6410	219	217	79	0	0
688	6413	913	920	6	0	0
689	6414	920	918	58	0	0
690	6415	217	917	289	0	0
691	6416	921	920	46	680	1
692	6417	922	919	44	2040	2
693	6427	923	924	42	2040	2
694	6445	682	926	192	0	0
695	6446	927	926	48	4080	8
696	6449	928	929	147	0	0
697	6457	929	425	105	0	0
698	6461	930	928	22	0	0
699	6497	28	584	59	0	0
700	6503	931	467	34	0	0
701	6518	836	834	135	0	0
702	6522	933	934	46	238	1
703	6523	461	931	44	408	1
704	6525	934	537	129	0	0
705	6532	932	935	127	748	4
706	6533	933	932	36	0	0
707	6574	937	938	232	0	0
708	6581	494	886	385	0	0
709	6613	941	940	42	0	0
710	6621	941	939	431	0	0
711	6623	940	939	330	0	0
712	6654	944	943	63	816	2
713	6658	727	730	80	0	0
714	6661	945	946	26	0	0
715	6665	947	946	24	0	0
716	6691	192	791	275	0	0
717	6710	948	949	276	0	0
718	6715	950	951	65	0	0
719	6717	952	951	61	748	4
720	6719	953	954	82	2720	4
721	6724	949	950	94	0	0
722	6728	958	959	32	0	0
723	6729	960	961	427	0	0
724	6730	962	958	45	18092	36
725	6731	963	964	146	0	0
726	6733	955	960	103	0	0
727	6734	966	959	72	0	0
728	6736	957	961	159	0	0
729	6737	957	965	12	0	0
730	6742	963	967	59	0	0
731	6743	959	960	249	0	0
732	6747	968	128	88	0	0
733	6750	128	130	24	0	0
734	6751	130	969	133	0	0
735	6754	970	971	52	4080	8
736	6755	972	973	57	510	1
737	6756	974	973	103	408	1
738	6758	973	970	35	0	0
739	6760	970	462	68	0	0
740	6763	567	843	38	0	0
741	6764	976	463	33	0	0
742	6766	717	338	32	0	0
743	6767	717	975	24	0	0
744	6768	976	462	13	0	0
745	6769	843	976	12	0	0
746	6770	975	338	30	0	0
747	6777	977	978	5	0	0
748	6779	979	977	26	2040	4
749	6781	829	981	107	408	2
750	6785	981	978	116	816	2
751	6787	828	980	118	0	0
752	6804	982	479	351	0	0
753	6806	983	559	441	0	0
754	6808	605	558	66	0	0
755	6834	461	984	207	0	0
756	6838	889	336	87	0	0
757	6839	898	418	128	1020	1
758	6897	942	840	21	0	0
759	6901	760	942	85	0	0
760	6917	985	986	218	408	2
761	6923	616	985	14	0	0
762	6924	723	724	90	0	0
763	6962	990	991	96	0	0
764	6966	279	700	760	0	0
765	6973	278	279	59	0	0
766	6974	992	991	344	0	0
767	6977	989	990	52	0	0
768	6978	278	992	540	0	0
769	6981	993	935	4	0	0
770	6982	545	993	78	2516	8
771	7005	403	47	643	0	0
772	7026	994	995	191	408	1
773	7029	996	997	56	0	0
774	7036	997	998	784	0	0
775	7092	999	902	210	2040	2
776	7109	173	313	284	2040	2
777	7122	1002	30	140	0	0
778	7127	1000	806	27	0	0
779	7128	1000	805	22	0	0
780	7208	504	586	233	0	0
781	7213	619	1003	77	408	2
782	7214	979	1003	82	0	0
783	7217	761	839	15	0	0
784	7261	1005	1006	104	510	1
785	7274	714	1006	264	0	0
786	7282	883	419	43	0	0
787	7283	1007	1008	17	2856	10
788	7308	1011	1012	6	1564	6
789	7312	1013	1014	6	0	0
790	7315	1015	429	64	0	0
791	7317	1014	429	42	1020	1
792	7318	1015	1010	38	0	0
793	7319	1016	1009	42	0	0
794	7320	1010	1011	9	0	0
795	7322	1016	1015	65	0	0
796	7328	925	679	765	0	0
797	7333	1013	925	335	0	0
798	7351	759	1017	81	408	2
799	7352	1017	789	87	0	0
800	7353	1018	1019	77	2040	2
801	7355	202	1018	75	0	0
802	7374	725	818	69	0	0
803	7381	1020	472	140	816	2
804	7384	395	472	7	0	0
805	7426	1021	1022	95	4080	8
806	7429	1022	684	16	0	0
807	7445	1023	1024	31	94	1
808	7449	1025	1026	81	0	0
809	7452	1027	1024	116	0	0
810	7463	1025	1028	45	0	0
811	7468	196	1029	637	3060	3
812	7480	1030	198	296	0	0
813	7495	1031	653	189	0	0
814	7525	1033	79	336	0	0
815	7553	1035	1036	62	1020	1
816	7554	1036	178	369	0	0
817	7568	1037	355	26	0	0
818	7570	947	945	24	0	0
819	7577	945	1037	67	0	0
820	7585	1038	1039	155	1020	1
821	7638	10	269	185	0	0
822	7640	862	1040	52	0	0
823	7650	855	858	65	2040	2
824	7653	329	859	15	0	0
825	7655	859	540	28	0	0
826	7657	861	1041	77	0	0
827	7661	543	448	322	0	0
828	7663	1040	861	39	0	0
829	7664	1043	329	137	0	0
830	7668	565	846	140	7400	9
831	7670	417	966	89	0	0
832	7673	417	543	154	0	0
833	7674	837	288	184	0	0
834	7675	846	268	18	0	0
835	7676	1044	288	53	0	0
836	7677	1040	1042	73	0	0
837	7692	872	871	38	0	0
838	7710	1045	979	67	0	0
839	7712	1045	1046	181	748	4
840	7759	1047	1048	64	0	0
841	7760	1049	1047	65	188	1
842	7762	1050	1051	48	842	9
843	7764	1051	68	12	0	0
844	7769	1052	1050	5	0	0
845	7771	1053	1054	7	0	0
846	7774	1054	1055	61	4284	9
847	7776	238	1055	12	0	0
848	7782	1055	239	32	0	0
849	7812	1056	1057	137	816	4
850	7820	1053	247	70	0	0
851	7843	1059	1058	121	0	0
852	7850	1060	1059	113	188	1
853	7852	1061	1062	44	188	1
854	7864	794	1063	395	0	0
855	7871	1064	1065	210	0	0
856	7880	126	581	614	0	0
857	7901	24	1066	826	0	0
858	7905	696	1067	16	0	0
859	7918	1068	695	315	0	0
860	7920	1069	1070	889	0	0
861	7925	795	1071	409	0	0
862	7927	1072	1073	106	0	0
863	7942	699	1072	49	0	0
864	7950	235	831	196	0	0
865	7955	1075	989	36	0	0
866	7961	1073	1068	22	0	0
867	7963	1034	1076	263	0	0
868	7966	720	762	242	0	0
869	7971	912	606	399	0	0
870	7978	283	1077	316	0	0
871	7983	1076	1064	790	0	0
872	7986	1072	694	45	0	0
873	7991	1078	1070	29	0	0
874	8011	1081	628	298	0	0
875	8055	131	1026	257	0	0
876	8070	867	574	64	0	0
877	8075	1082	1033	292	0	0
878	8088	990	1075	26	0	0
879	8114	1083	793	542	0	0
880	8122	281	588	48	0	0
881	8128	1079	731	330	0	0
882	8129	631	628	33	0	0
883	8131	1063	633	552	0	0
884	8134	1078	992	350	0	0
885	8147	629	1083	302	0	0
886	8163	697	1081	633	0	0
887	8165	1086	1087	215	0	0
888	8186	385	965	884	0	0
889	8197	1088	241	81	0	0
890	8206	891	227	168	0	0
891	8227	1075	1074	813	0	0
892	8260	937	1066	100	0	0
893	8282	963	1065	560	0	0
894	8294	1028	1026	48	0	0
895	8316	245	1088	120	0	0
896	8331	636	1071	288	0	0
897	8335	692	1084	318	0	0
898	8363	964	1076	502	0	0
899	8392	1090	1087	148	0	0
900	8404	864	868	51	0	0
901	8407	496	497	21	0	0
902	8420	964	1065	505	0	0
903	8422	1082	964	116	0	0
904	8434	701	599	582	0	0
905	8450	938	1066	195	0	0
906	8458	1069	1068	30	0	0
907	8462	633	793	736	0	0
908	8482	961	384	655	0	0
909	8511	1063	1071	21	0	0
910	8521	1086	1067	253	0	0
911	8528	359	495	63	0	0
912	8539	1069	1073	29	0	0
913	8574	1042	563	209	0	0
914	8612	1067	900	713	0	0
915	8622	158	1085	243	0	0
916	8659	158	1089	242	0	0
917	8678	745	746	12	0	0
918	8681	1090	1086	77	0	0
919	8687	406	240	999	0	0
920	8723	1002	1084	313	0	0
921	8754	1077	1064	837	0	0
922	8760	23	19	195	0	0
923	8769	885	406	519	0	0
924	8813	951	949	135	0	0
925	8818	910	968	119	0	0
926	8845	967	1082	181	0	0
927	8850	1009	426	51	0	0
928	8856	216	516	103	0	0
929	8857	516	517	37	0	0
930	-3	613	615	1	0	0
931	-9	5	9	114	0	0
932	-10	11	5	117	0	0
933	-12	24	25	817	0	0
934	-14	24	23	565	0	0
935	-15	26	22	580	0	0
936	-19	29	1079	286	0	0
937	-26	31	36	93	0	0
938	-30	35	32	813	0	0
939	-31	32	33	265	0	0
940	-36	36	339	169	0	0
941	-37	37	34	984	0	0
942	-70	44	42	2146	0	0
943	-76	46	47	707	0	0
944	-83	816	49	238	0	0
945	-85	984	50	240	0	0
946	-89	45	969	1426	0	0
947	-94	71	70	187	0	0
948	-95	73	71	445	0	0
949	-96	74	67	164	0	0
950	-97	72	70	123	0	0
951	-101	78	41	2088	0	0
952	-103	80	79	734	0	0
953	-115	82	86	145	0	0
954	-117	547	27	410	0	0
955	-127	87	85	2259	0	0
956	-134	90	91	1379	0	0
957	-139	353	92	883	0	0
958	-147	100	99	826	0	0
959	-152	106	107	1340	0	0
960	-154	110	108	155	0	0
961	-155	113	366	812	0	0
962	-162	119	118	399	0	0
963	-163	119	115	153	0	0
964	-164	117	114	710	0	0
965	-165	121	122	1494	0	0
966	-177	129	124	965	0	0
967	-178	125	126	1094	0	0
968	-179	124	126	348	0	0
969	-182	291	129	1690	0	0
970	-186	134	135	1769	0	0
971	-189	140	25	641	0	0
972	-190	140	139	1317	0	0
973	-192	149	151	402	0	0
974	-199	153	155	147	0	0
975	-200	158	93	1499	0	0
976	-202	160	161	169	0	0
977	-203	162	161	116	0	0
978	-210	171	172	1326	0	0
979	-211	173	177	232	0	0
980	-212	175	177	71	0	0
981	-213	175	176	181	0	0
982	-216	180	181	273	0	0
983	-226	41	186	3397	0	0
984	-230	189	188	229	0	0
985	-231	189	362	108	0	0
986	-241	191	192	218	0	0
987	-245	190	188	964	0	0
988	-249	190	191	1525	0	0
989	-251	190	193	334	0	0
990	-263	196	654	336	0	0
991	-269	199	333	1466	0	0
992	-270	146	494	1835	0	0
993	-274	204	203	1135	0	0
994	-275	201	109	995	0	0
995	-278	214	77	896	0	0
996	-279	215	213	647	0	0
997	-280	215	212	369	0	0
998	-282	41	214	141	0	0
999	-286	157	221	154	0	0
1000	-290	202	220	630	0	0
1001	-293	227	224	218	0	0
1002	-295	226	225	512	0	0
1003	-296	226	227	365	0	0
1004	-301	229	231	306	0	0
1005	-302	231	225	906	0	0
1006	-305	230	229	252	0	0
1007	-309	230	228	1651	0	0
1008	-312	240	243	623	0	0
1009	-316	234	236	122	0	0
1010	-318	244	237	433	0	0
1011	-320	238	239	23	0	0
1012	-323	240	235	628	0	0
1013	-324	248	237	1389	0	0
1014	-326	234	239	312	0	0
1015	-329	248	246	1188	0	0
1016	-330	247	238	35	0	0
1017	-331	244	241	1598	0	0
1018	-336	250	249	1057	0	0
1019	-342	266	262	131	0	0
1020	-343	262	269	95	0	0
1021	-344	272	273	126	0	0
1022	-357	282	281	2253	0	0
1023	-358	283	669	850	0	0
1024	-363	267	283	1770	0	0
1025	-365	288	286	82	0	0
1026	-366	290	285	109	0	0
1027	-367	280	290	131	0	0
1028	-368	283	287	958	0	0
1029	-370	291	290	207	0	0
1030	-373	295	297	566	0	0
1031	-374	298	300	205	0	0
1032	-375	298	305	167	0	0
1033	-376	308	48	674	0	0
1034	-377	308	307	82	0	0
1035	-387	90	312	815	0	0
1036	-393	316	315	2067	0	0
1037	-394	317	319	151	0	0
1038	-402	341	100	1077	0	0
1039	-406	341	345	1603	0	0
1040	-407	347	349	94	0	0
1041	-408	348	350	196	0	0
1042	-412	347	350	392	0	0
1043	-416	1018	375	524	0	0
1044	-418	353	352	1487	0	0
1045	-433	354	355	419	0	0
1046	-443	355	67	2317	0	0
1047	-447	365	366	732	0	0
1048	-451	365	122	1587	0	0
1049	-452	363	364	1045	0	0
1050	-453	359	363	330	0	0
1051	-457	361	366	1092	0	0
1052	-460	364	368	768	0	0
1053	-462	153	375	484	0	0
1054	-470	376	383	213	0	0
1055	-471	382	337	141	0	0
1056	-474	380	384	682	0	0
1057	-475	379	136	1093	0	0
1058	-477	77	386	586	0	0
1059	-480	370	386	335	0	0
1060	-481	392	391	44	0	0
1061	-483	393	30	1178	0	0
1062	-484	395	396	184	0	0
1063	-485	397	362	85	0	0
1064	-486	398	275	521	0	0
1065	-487	397	361	140	0	0
1066	-497	939	400	1709	0	0
1067	-504	402	26	1363	0	0
1068	-505	46	403	578	0	0
1069	-508	404	141	410	0	0
1070	-512	141	405	874	0	0
1071	-514	87	253	480	0	0
1072	-515	405	87	1057	0	0
1073	-518	407	203	1000	0	0
1074	-519	884	407	1237	0	0
1075	-520	410	413	47	0	0
1076	-521	411	373	111	0	0
1077	-528	374	412	129	0	0
1078	-529	416	374	121	0	0
1079	-530	418	420	100	0	0
1080	-532	419	420	237	0	0
1081	-533	421	140	813	0	0
1082	-536	25	422	83	0	0
1083	-537	177	313	317	0	0
1084	-540	930	424	1704	0	0
1085	-542	431	432	148	0	0
1086	-546	350	431	287	0	0
1087	-550	1004	228	814	0	0
1088	-552	439	437	510	0	0
1089	-554	233	434	92	0	0
1090	-558	442	819	484	0	0
1091	-563	320	324	59	0	0
1092	-564	322	325	195	0	0
1093	-565	322	446	83	0	0
1094	-569	451	452	362	0	0
1095	-570	441	193	222	0	0
1096	-572	414	441	396	0	0
1097	-573	453	186	664	0	0
1098	-580	454	186	1877	0	0
1099	-581	465	458	33	0	0
1100	-582	471	1004	2323	0	0
1101	-585	472	442	196	0	0
1102	-592	471	442	506	0	0
1103	-593	180	134	1672	0	0
1104	-595	792	477	224	0	0
1105	-600	479	480	483	0	0
1106	-601	482	481	873	0	0
1107	-603	78	485	76	0	0
1108	-607	484	455	175	0	0
1109	-608	488	491	87	0	0
1110	-620	220	66	1102	0	0
1111	-632	485	494	2177	0	0
1112	-636	499	497	291	0	0
1113	-640	273	498	119	0	0
1114	-641	704	498	396	0	0
1115	-643	107	139	1516	0	0
1116	-650	506	135	121	0	0
1117	-652	510	511	86	0	0
1118	-655	512	511	288	0	0
1119	-657	105	512	174	0	0
1120	-659	511	503	88	0	0
1121	-662	345	524	1738	0	0
1122	-666	152	534	1881	0	0
1123	-668	532	535	1324	0	0
1124	-669	541	543	91	0	0
1125	-672	449	542	102	0	0
1126	-680	546	91	1282	0	0
1127	-682	548	213	158	0	0
1128	-683	548	551	48	0	0
1129	-685	552	550	554	0	0
1130	-686	550	551	331	0	0
1131	-687	556	983	359	0	0
1132	-688	555	557	120	0	0
1133	-690	557	560	310	0	0
1134	-691	559	311	434	0	0
1135	-696	562	568	73	0	0
1136	-697	565	563	98	0	0
1137	-698	562	567	131	0	0
1138	-701	452	574	84	0	0
1139	-702	452	482	455	0	0
1140	-706	478	578	229	0	0
1141	-708	576	579	61	0	0
1142	-709	579	476	68	0	0
1143	-712	581	129	1722	0	0
1144	-713	182	582	156	0	0
1145	-714	102	583	1824	0	0
1146	-717	586	401	813	0	0
1147	-718	293	587	82	0	0
1148	-727	592	432	269	0	0
1149	-728	591	595	562	0	0
1150	-729	349	444	892	0	0
1151	-730	591	593	506	0	0
1152	-732	349	592	74	0	0
1153	-733	499	595	473	0	0
1154	-735	598	597	849	0	0
1155	-740	379	340	1388	0	0
1156	-743	602	193	965	0	0
1157	-744	151	603	236	0	0
1158	-745	602	605	1058	0	0
1159	-748	607	611	241	0	0
1160	-749	606	610	339	0	0
1161	-751	606	524	1546	0	0
1162	-752	73	610	772	0	0
1163	-753	614	615	153	0	0
1164	-768	627	865	97	0	0
1165	-769	633	641	536	0	0
1166	-771	639	143	1266	0	0
1167	-772	634	627	177	0	0
1168	-774	638	637	175	0	0
1169	-775	632	623	87	0	0
1170	-779	646	645	2332	0	0
1171	-784	499	651	284	0	0
1172	-786	646	585	485	0	0
1173	-787	649	525	92	0	0
1174	-789	646	647	250	0	0
1175	-796	653	654	112	0	0
1176	-797	654	652	614	0	0
1177	-798	658	185	68	0	0
1178	-799	430	658	150	0	0
1179	-800	660	430	185	0	0
1180	-802	667	120	115	0	0
1181	-814	669	287	1163	0	0
1182	-817	665	668	921	0	0
1183	-819	669	665	1340	0	0
1184	-825	675	672	207	0	0
1185	-829	286	671	123	0	0
1186	-831	671	675	176	0	0
1187	-832	445	324	54	0	0
1188	-836	176	119	316	0	0
1189	-837	176	501	115	0	0
1190	-839	685	1083	656	0	0
1191	-842	700	143	592	0	0
1192	-844	685	697	1383	0	0
1193	-845	30	695	954	0	0
1194	-846	701	692	1095	0	0
1195	-855	703	708	215	0	0
1196	-856	705	707	193	0	0
1197	-859	705	228	666	0	0
1198	-863	704	645	1036	0	0
1199	-864	707	601	2518	0	0
1200	-865	709	691	143	0	0
1201	-867	691	703	525	0	0
1202	-868	710	601	1220	0	0
1203	-869	712	617	369	0	0
1204	-873	714	230	1122	0	0
1205	-875	718	717	242	0	0
1206	-876	721	722	1181	0	0
1207	-882	726	725	2658	0	0
1208	-886	929	603	1528	0	0
1209	-889	729	29	581	0	0
1210	-891	728	729	1349	0	0
1211	-896	735	305	134	0	0
1212	-898	739	736	1128	0	0
1213	-901	740	585	688	0	0
1214	-902	740	722	32	0	0
1215	-903	746	749	21	0	0
1216	-905	753	218	690	0	0
1217	-906	498	272	245	0	0
1218	-907	761	763	415	0	0
1219	-909	764	90	1488	0	0
1220	-910	762	251	581	0	0
1221	-914	252	764	2185	0	0
1222	-926	766	609	1206	0	0
1223	-929	405	142	887	0	0
1224	-930	781	12	112	0	0
1225	-931	62	787	58	0	0
1226	-932	785	783	58	0	0
1227	-933	788	913	66	0	0
1228	-946	493	44	2826	0	0
1229	-947	199	493	261	0	0
1230	-948	404	479	913	0	0
1231	-954	798	794	263	0	0
1232	-955	795	792	137	0	0
1233	-956	796	792	226	0	0
1234	-961	797	798	2285	0	0
1235	-962	798	793	1091	0	0
1236	-965	365	804	890	0	0
1237	-966	805	807	1130	0	0
1238	-967	802	1074	1058	0	0
1239	-968	807	121	841	0	0
1240	-974	101	353	1252	0	0
1241	-975	225	599	969	0	0
1242	-979	818	819	210	0	0
1243	-986	819	738	2507	0	0
1244	-987	820	160	264	0	0
1245	-989	163	821	52	0	0
1246	-993	104	820	437	0	0
1247	-994	163	608	288	0	0
1248	-996	825	822	104	0	0
1249	-998	822	352	796	0	0
1250	-1006	827	825	110	0	0
1251	-1010	828	829	200	0	0
1252	-1011	352	767	2264	0	0
1253	-1012	827	824	1702	0	0
1254	-1015	242	987	1169	0	0
1255	-1018	408	348	276	0	0
1256	-1024	596	528	275	0	0
1257	-1028	607	832	287	0	0
1258	-1029	756	834	45	0	0
1259	-1040	837	187	1020	0	0
1260	-1042	249	296	1424	0	0
1261	-1043	845	849	218	0	0
1262	-1046	55	56	65	0	0
1263	-1048	55	38	85	0	0
1264	-1052	482	309	2424	0	0
1265	-1056	862	332	82	0	0
1266	-1057	873	32	385	0	0
1267	-1062	876	877	905	0	0
1268	-1070	231	881	2043	0	0
1269	-1075	884	315	862	0	0
1270	-1077	886	884	1513	0	0
1271	-1079	890	891	233	0	0
1272	-1082	254	893	1103	0	0
1273	-1084	887	895	149	0	0
1274	-1085	136	80	671	0	0
1275	-1087	80	895	272	0	0
1276	-1091	106	512	1589	0	0
1277	-1092	875	824	1583	0	0
1278	-1102	893	16	1366	0	0
1279	-1103	456	904	64	0	0
1280	-1112	513	344	1971	0	0
1281	-1114	344	354	849	0	0
1282	-1117	582	183	336	0	0
1283	-1120	911	910	90	0	0
1284	-1121	550	908	550	0	0
1285	-1128	908	314	1191	0	0
1286	-1129	207	908	539	0	0
1287	-1130	912	610	506	0	0
1288	-1133	343	513	1402	0	0
1289	-1136	346	912	1658	0	0
1290	-1138	364	924	1033	0	0
1291	-1140	799	923	410	0	0
1292	-1141	925	661	256	0	0
1293	-1146	425	928	75	0	0
1294	-1154	547	425	945	0	0
1295	-1155	547	28	193	0	0
1296	-1156	584	308	336	0	0
1297	-1162	835	932	215	0	0
1298	-1164	935	931	310	0	0
1299	-1167	937	25	487	0	0
1300	-1174	936	316	1113	0	0
1301	-1177	316	886	1434	0	0
1302	-1182	938	936	1842	0	0
1303	-1188	941	617	382	0	0
1304	-1190	617	708	269	0	0
1305	-1191	942	943	115	0	0
1306	-1193	730	946	369	0	0
1307	-1196	651	272	454	0	0
1308	-1202	150	791	958	0	0
1309	-1206	237	950	763	0	0
1310	-1207	953	948	225	0	0
1311	-1208	952	248	1172	0	0
1312	-1209	957	1077	1503	0	0
1313	-1210	965	967	752	0	0
1314	-1213	996	969	1021	0	0
1315	-1214	968	667	122	0	0
1316	-1215	974	975	91	0	0
1317	-1217	766	980	304	0	0
1318	-1219	829	297	149	0	0
1319	-1221	297	980	128	0	0
1320	-1230	414	605	886	0	0
1321	-1232	983	558	208	0	0
1322	-1234	982	559	2116	0	0
1323	-1235	414	188	641	0	0
1324	-1236	337	984	107	0	0
1325	-1242	336	898	561	0	0
1326	-1243	204	680	708	0	0
1327	-1247	48	544	615	0	0
1328	-1251	648	760	213	0	0
1329	-1252	840	526	110	0	0
1330	-1255	595	526	405	0	0
1331	-1257	647	985	911	0	0
1332	-1261	723	987	493	0	0
1333	-1263	616	724	207	0	0
1334	-1264	987	830	1450	0	0
1335	-1265	758	566	123	0	0
1336	-1270	988	989	948	0	0
1337	-1275	807	988	1041	0	0
1338	-1276	169	118	1669	0	0
1339	-1279	403	141	456	0	0
1340	-1281	424	47	152	0	0
1341	-1282	424	982	184	0	0
1342	-1283	115	56	793	0	0
1343	-1297	995	996	429	0	0
1344	-1298	45	997	489	0	0
1345	-1300	77	998	600	0	0
1346	-1301	581	995	546	0	0
1347	-1302	998	45	264	0	0
1348	-1305	999	768	216	0	0
1349	-1307	178	902	1553	0	0
1350	-1308	768	404	701	0	0
1351	-1311	1000	1001	885	0	0
1352	-1318	504	740	621	0	0
1353	-1321	839	619	541	0	0
1354	-1323	363	704	493	0	0
1355	-1327	714	1004	334	0	0
1356	-1329	881	1006	1073	0	0
1357	-1331	899	182	1553	0	0
1358	-1334	883	899	530	0	0
1359	-1335	1008	152	1567	0	0
1360	-1339	1009	219	409	0	0
1361	-1340	1010	1016	95	0	0
1362	-1341	1012	1013	134	0	0
1363	-1344	1012	218	296	0	0
1364	-1345	428	661	243	0	0
1365	-1346	1020	881	167	0	0
1366	-1349	133	395	142	0	0
1367	-1350	133	818	142	0	0
1368	-1351	229	597	1544	0	0
1369	-1354	559	930	1246	0	0
1370	-1355	797	1027	640	0	0
1371	-1360	1024	1025	1232	0	0
1372	-1362	1027	1023	145	0	0
1373	-1365	1031	136	581	0	0
1374	-1366	1031	198	287	0	0
1375	-1369	1032	1030	889	0	0
1376	-1373	522	383	593	0	0
1377	-1376	79	652	126	0	0
1378	-1378	1034	652	450	0	0
1379	-1379	1030	1029	566	0	0
1380	-1380	1033	522	425	0	0
1381	-1382	1029	282	218	0	0
1382	-1383	1034	282	297	0	0
1383	-1384	183	1035	386	0	0
1384	-1396	947	93	463	0	0
1385	-1400	93	244	1743	0	0
1386	-1408	1032	1038	706	0	0
1387	-1415	614	966	161	0	0
1388	-1416	1042	565	211	0	0
1389	-1417	380	614	330	0	0
1390	-1418	448	837	187	0	0
1391	-1419	1041	1043	28	0	0
1392	-1420	1044	8	226	0	0
1393	-1421	8	268	227	0	0
1394	-1422	872	1043	121	0	0
1395	-1423	1041	871	103	0	0
1396	-1424	611	194	2284	0	0
1397	-1426	1053	1048	94	0	0
1398	-1427	69	611	866	0	0
1399	-1430	1052	69	47	0	0
1400	-1431	439	1057	250	0	0
1401	-1433	439	1048	156	0	0
1402	-1434	1052	247	52	0	0
1403	-1435	1058	1062	82	0	0
1404	-1436	1058	618	173	0	0
1405	-1438	1046	1059	381	0	0
1406	-1441	991	1078	144	0	0
1407	-1443	1070	698	1268	0	0
1408	-1446	936	732	1799	0	0
1409	-1447	1079	732	336	0	0
1410	-1454	1080	722	2231	0	0
1411	-1455	1084	1090	881	0	0
1412	-1456	1085	731	1260	0	0
1413	-1457	1080	246	959	0	0
1414	-1458	940	710	1989	0	0
1415	-1460	1080	401	3567	0	0
1416	-1461	629	1081	583	0	0
1417	-1462	535	135	1615	0	0
1418	-1464	1074	276	1339	0	0
1419	-1465	948	1089	635	0	0
1420	-1470	741	834	130	0	0
1421	-1471	1089	1085	319	0	0
1422	-1472	22	20	98	0	0
1423	-1473	189	398	113	0	0
1424	-1474	1001	988	1466	0	0
1425	-1475	1001	1087	676	0	0
1426	-1476	1037	1088	1890	0	0
1427	-1477	337	904	357	0	0
1428	-1478	360	113	866	0	0
1429	-1479	517	475	172	0	0
1430	-1485	319	1044	293	0	0
1431	-1486	319	88	81	0	0
1432	-1490	955	1093	1	0	0
1433	6725	1093	956	111	3573	12
1434	-1211	955	956	41	0	0
1435	-1489	670	1092	1	0	0
1436	4400	1092	678	141	3060	6
1437	-820	670	678	108	0	0
1438	-1488	194	1091	1	0	0
1439	1092	1091	195	106	7580	10
1440	-1487	194	195	2	0	0
1441	-1492	42	493	1311	0	0
1442	-1494	593	616	1307	0	0
1443	-1496	1007	419	478	0	0
1444	-1498	572	1032	661	0	0
1445	-1500	1002	1001	641	0	0
1446	-1502	725	1028	273	0	0
END
-----------------------------------------
InputUsedToGenerateTheGraph:
County:	Syddjurs
CenterNodeId:	0
Radius:	1000000
HouseTypes:	Apartment
NumberOfWasteFractions: 1
IntervalsForWasteFraction:	general	2.33333	3.5	7.0	14.0
-----------------------------------------


