ProblemType:	CARP
NumberNodes:	1735
NumberEdges:	2226
DepotNodeNumber:	1170
NumberOfFractions:	1
NumberOfIntervalsForFraction	Paper	1	14
GRAPH
EdgeNumber	EdgeId	StartNodeNumber	EndNodeNumber	Cost	Demand_0	Bins_0
START
0	11	0	1	44	0	0
1	12	2	3	95	0	0
2	13	3	4	42	0	0
3	16	2	6	17	0	0
4	18	7	8	13	0	0
5	22	9	10	1567	0	0
6	46	14	15	296	0	0
7	48	16	17	595	0	0
8	49	16	14	13	0	0
9	52	14	18	424	0	0
10	53	19	20	202	0	0
11	64	21	22	110	327	1
12	67	23	24	291	1819	8
13	68	24	25	63	280	1
14	69	26	27	284	0	0
15	71	28	29	24	0	0
16	76	30	31	142	561	2
17	81	32	33	255	0	0
18	92	34	35	55	0	0
19	99	37	38	38	773	13
20	105	39	40	166	1774	11
21	111	41	42	68	0	0
22	122	43	44	25	561	2
23	139	45	46	59	327	1
24	141	47	48	36	0	0
25	144	48	49	28	1309	4
26	146	50	51	126	1993	14
27	147	51	52	61	0	0
28	149	53	54	11	0	0
29	150	54	55	103	59	1
30	151	56	57	1363	0	0
31	163	58	59	81	59	1
32	168	60	61	129	608	2
33	169	61	62	47	0	0
34	194	66	67	301	0	0
35	235	77	78	77	0	0
36	236	78	79	85	0	0
37	237	80	77	19	0	0
38	244	81	82	50	0	0
39	252	85	84	52	0	0
40	279	88	89	116	0	0
41	285	91	92	280	0	0
42	286	93	89	86	0	0
43	287	89	92	161	0	0
44	334	100	101	426	0	0
45	346	102	103	151	0	0
46	436	105	106	536	51	1
47	453	107	108	30	280	1
48	455	109	110	61	0	0
49	468	111	112	109	1122	4
50	485	113	114	339	0	0
51	495	112	116	8	561	2
52	538	119	118	259	0	0
53	551	122	123	345	0	0
54	555	122	124	434	0	0
55	566	126	127	594	0	0
56	571	129	130	679	0	0
57	575	126	128	111	0	0
58	589	4	131	58	0	0
59	595	132	133	19	833	14
60	597	134	135	65	0	0
61	613	4	136	96	0	0
62	620	138	139	40	0	0
63	621	139	140	77	1122	16
64	641	144	145	35	0	0
65	646	146	147	263	0	0
66	663	134	150	64	0	0
67	678	151	152	64	0	0
68	681	153	1	108	280	1
69	682	154	155	41	0	0
70	684	156	157	153	238	4
71	686	111	158	89	280	1
72	701	159	160	110	0	0
73	705	161	117	858	0	0
74	706	162	163	26	0	0
75	730	166	167	478	0	0
76	732	121	168	523	0	0
77	745	173	174	180	102	2
78	748	175	173	817	0	0
79	757	176	177	142	0	0
80	758	177	178	122	0	0
81	759	179	9	401	0	0
82	764	180	181	38	654	2
83	765	182	183	59	0	0
84	766	183	184	69	0	0
85	767	185	186	286	0	0
86	791	189	190	213	0	0
87	794	192	193	289	0	0
88	820	197	198	83	280	1
89	821	199	200	61	280	1
90	832	178	202	115	0	0
91	843	206	192	114	0	0
92	856	207	208	587	0	0
93	857	209	210	90	0	0
94	858	210	211	14	0	0
95	859	211	27	187	0	0
96	860	211	212	90	0	0
97	861	210	27	188	0	0
98	863	213	214	15	0	0
99	877	217	218	56	0	0
100	878	219	220	114	280	1
101	914	221	223	130	0	0
102	916	104	224	171	163	1
103	945	225	226	87	51	1
104	955	227	228	304	0	0
105	975	231	153	120	178	3
106	978	218	232	60	0	0
107	979	232	146	60	0	0
108	1006	135	234	31	1394	16
109	1007	218	150	60	0	0
110	1023	236	237	958	0	0
111	1027	238	239	240	0	0
112	1028	240	241	220	0	0
113	1029	242	240	335	0	0
114	1030	242	238	201	0	0
115	1032	243	244	81	0	0
116	1033	244	241	78	51	1
117	1034	244	245	143	102	2
118	1037	247	248	1412	0	0
119	1043	156	249	36	280	1
120	1044	250	251	87	0	0
121	1049	253	254	85	0	0
122	1051	255	256	107	0	0
123	1088	259	260	499	0	0
124	1089	260	113	177	0	0
125	1149	266	267	488	0	0
126	1170	269	270	14	0	0
127	1178	272	85	118	29	1
128	1182	274	275	504	0	0
129	1183	205	15	164	0	0
130	1184	276	15	504	0	0
131	1185	15	274	13	0	0
132	1186	274	16	297	0	0
133	1194	279	280	145	0	0
134	1198	281	282	22	0	0
135	1247	145	286	69	1848	18
136	1283	288	289	104	0	0
137	1285	290	291	1296	0	0
138	1290	292	159	59	0	0
139	1291	291	293	27	0	0
140	1324	140	295	19	561	2
141	1328	137	296	48	408	4
142	1351	299	247	152	0	0
143	1357	267	301	320	0	0
144	1370	302	303	541	0	0
145	1380	304	305	54	280	1
146	1392	306	307	46	0	0
147	1394	308	309	161	1122	4
148	1411	132	150	41	0	0
149	1412	135	146	42	0	0
150	1418	310	136	39	731	3
151	1420	307	311	45	280	1
152	1430	313	219	87	170	1
153	1434	134	232	50	0	0
154	1443	314	315	375	0	0
155	1444	229	230	476	0	0
156	1447	306	308	115	119	2
157	1449	314	317	121	0	0
158	1455	319	318	17	59	1
159	1457	220	320	50	280	1
160	1458	320	321	163	280	1
161	1462	309	322	135	0	0
162	1465	323	321	47	561	2
163	1466	321	322	51	0	0
164	1473	324	325	136	0	0
165	1474	326	327	143	0	0
166	1481	300	328	276	0	0
167	1482	328	148	66	0	0
168	1484	329	330	167	0	0
169	1485	330	300	31	0	0
170	1492	331	248	339	51	1
171	1497	246	332	237	0	0
172	1563	335	336	268	0	0
173	1566	337	45	134	0	0
174	1567	45	338	17	0	0
175	1568	339	340	40	280	1
176	1573	184	342	149	0	0
177	1576	343	292	722	0	0
178	1577	344	223	161	0	0
179	1579	344	221	75	0	0
180	1587	346	347	250	476	8
181	1602	169	166	249	0	0
182	1605	349	350	67	59	1
183	1611	351	352	333	0	0
184	1617	353	354	106	0	0
185	1624	332	356	828	140	1
186	1639	359	258	18	0	0
187	1640	258	331	399	0	0
188	1649	259	360	129	59	1
189	1650	298	361	70	0	0
190	1651	254	362	227	0	0
191	1662	364	341	65	0	0
192	1674	341	367	60	0	0
193	1682	357	317	148	0	0
194	1685	297	369	151	0	0
195	1686	369	368	578	0	0
196	1692	302	370	793	0	0
197	1696	367	364	55	0	0
198	1706	313	220	143	0	0
199	1727	375	374	27	0	0
200	1731	340	376	37	0	0
201	1774	381	382	44	59	1
202	1775	382	383	31	0	0
203	1784	384	385	52	0	0
204	1819	386	387	7	0	0
205	1832	388	389	42	0	0
206	1859	351	390	148	140	1
207	1864	393	394	252	0	0
208	1887	166	120	25	0	0
209	1913	399	400	25	280	1
210	1933	270	401	85	382	2
211	1942	403	404	9	0	0
212	1943	404	405	19	280	1
213	1944	406	407	166	0	0
214	1986	212	207	222	0	0
215	1987	411	412	15	0	0
216	1988	209	212	15	0	0
217	1989	413	414	31	0	0
218	2062	422	423	445	51	1
219	2082	425	14	572	0	0
220	2084	426	16	424	0	0
221	2085	274	205	163	0	0
222	2086	18	426	13	0	0
223	2088	427	18	564	0	0
224	2089	428	426	557	0	0
225	2114	429	430	101	280	1
226	2179	207	412	222	0	0
227	2232	427	8	198	0	0
228	2240	7	428	196	0	0
229	2253	213	411	176	0	0
230	2254	411	209	13	0	0
231	2255	212	412	12	0	0
232	2256	412	214	177	0	0
233	2274	437	438	67	561	2
234	2276	439	437	85	0	0
235	2277	438	439	18	0	0
236	2279	440	441	8	0	0
237	2280	442	440	9	0	0
238	2285	323	443	61	280	1
239	2286	444	306	313	0	0
240	2287	308	445	52	280	1
241	2288	445	446	71	399	3
242	2295	447	448	141	51	1
243	2303	450	367	470	140	1
244	2305	410	450	67	0	0
245	2308	219	1	78	0	0
246	2328	451	141	151	0	0
247	2332	452	2	347	0	0
248	2347	455	456	32	140	1
249	2348	456	457	34	140	1
250	2349	454	455	43	0	0
251	2358	418	397	468	0	0
252	2385	433	461	125	0	0
253	2386	461	411	430	0	0
254	2400	462	463	39	0	0
255	2412	464	465	24	280	1
256	2425	466	467	81	140	1
257	2510	461	469	13	0	0
258	2511	469	209	426	0	0
259	2512	469	433	126	0	0
260	2548	430	6	88	0	0
261	2549	470	250	27	102	1
262	2555	3	131	45	0	0
263	2560	471	472	57	280	1
264	2562	441	473	7	0	0
265	2578	475	476	35	0	0
266	2584	478	479	705	0	0
267	2595	480	481	71	1963	6
268	2600	482	483	31	935	3
269	2607	484	485	102	0	0
270	2608	485	486	10	841	3
271	2609	487	488	27	1309	4
272	2614	476	489	17	654	2
273	2617	477	490	6	654	2
274	2620	483	491	77	0	0
275	2657	493	285	366	0	0
276	2674	495	496	88	0	0
277	2675	395	497	396	140	1
278	2676	497	495	37	0	0
279	2696	499	500	82	51	1
280	2720	473	442	7	0	0
281	2760	502	503	22	0	0
282	2761	504	505	60	561	2
283	2765	506	507	24	0	0
284	2766	507	508	36	0	0
285	2769	508	98	83	0	0
286	2783	508	502	38	0	0
287	2799	503	506	26	0	0
288	2853	463	72	36	280	1
289	2854	462	513	18	280	1
290	3023	436	520	437	140	1
291	3102	523	524	247	40	1
292	3156	432	526	582	51	1
293	3175	530	531	121	59	1
294	3180	35	534	9	0	0
295	3181	534	535	58	327	1
296	3184	415	7	181	0	0
297	3189	428	427	15	0	0
298	3258	541	542	208	663	6
299	3260	543	478	69	102	1
300	3303	537	546	108	85	1
301	3325	547	548	120	51	1
302	3339	549	33	148	51	1
303	3393	550	551	118	1789	7
304	3394	551	542	56	327	1
305	3405	553	554	223	0	0
306	3415	157	255	88	0	0
307	3503	557	558	91	59	1
308	3505	559	560	77	59	1
309	3506	561	562	24	280	1
310	3516	563	564	138	280	1
311	3520	565	566	27	841	3
312	3544	568	569	104	0	0
313	3571	570	571	60	204	2
314	3575	572	573	140	327	1
315	3580	186	574	205	0	0
316	3625	578	579	54	280	1
317	3626	579	568	29	0	0
318	3652	582	581	36	59	1
319	3664	584	326	485	0	0
320	3665	327	585	609	140	1
321	3677	587	588	701	0	0
322	3679	238	589	1614	0	0
323	3680	590	591	670	140	1
324	3689	107	592	7	0	0
325	3690	592	593	45	280	1
326	3693	252	255	88	0	0
327	3707	595	596	38	0	0
328	3722	597	107	34	102	1
329	3726	286	598	19	0	0
330	3735	394	599	128	140	1
331	3801	379	600	237	140	1
332	3807	378	601	40	0	0
333	3808	601	602	34	153	3
334	3838	11	604	90	140	1
335	3841	13	605	124	0	0
336	3892	606	519	702	0	0
337	3901	608	13	231	0	0
338	3902	608	609	531	51	1
339	3908	611	612	29	0	0
340	3912	613	614	17	0	0
341	3913	614	610	17	0	0
342	3928	196	615	44	280	1
343	3942	617	618	73	561	2
344	3943	616	617	105	0	0
345	3949	619	620	72	561	2
346	3950	619	621	75	0	0
347	3952	622	623	206	0	0
348	3961	625	381	125	102	1
349	3968	626	507	1106	0	0
350	4017	630	631	1397	0	0
351	4018	630	493	382	0	0
352	4026	632	633	22	0	0
353	4035	636	635	559	140	1
354	4037	637	638	67	561	2
355	4097	639	640	74	561	2
356	4098	196	639	46	0	0
357	4101	641	642	424	280	1
358	4104	643	644	40	357	6
359	4109	389	645	120	0	0
360	4110	645	646	62	280	1
361	4119	502	647	375	0	0
362	4129	648	649	97	0	0
363	4162	458	455	174	0	0
364	4171	650	465	121	0	0
365	4209	654	655	41	327	1
366	4211	656	652	48	0	0
367	4212	652	657	50	0	0
368	4218	660	661	83	327	1
369	4222	662	663	68	280	1
370	4234	664	184	140	0	0
371	4250	667	668	62	1309	22
372	4326	387	671	137	280	1
373	4362	672	673	83	140	1
374	4379	674	675	54	280	2
375	4382	496	497	96	0	0
376	4391	554	552	62	0	0
377	4399	552	498	38	0	0
378	4406	678	677	18	280	1
379	4418	680	681	25	327	1
380	4424	682	683	16	0	0
381	4425	683	684	100	327	1
382	4433	685	686	20	1309	4
383	4435	687	688	13	654	2
384	4448	682	576	65	0	0
385	4461	657	690	16	0	0
386	4462	690	691	37	0	0
387	4463	690	692	78	561	2
388	4464	479	693	70	263	3
389	4472	219	694	319	0	0
390	4474	444	316	392	0	0
391	4493	695	696	4	0	0
392	4495	696	697	61	170	1
393	4511	401	698	71	0	0
394	4512	79	699	118	0	0
395	4513	699	700	36	59	1
396	4534	251	156	114	0	0
397	4535	154	0	147	0	0
398	4537	701	702	38	561	2
399	4539	703	704	178	0	0
400	4556	261	262	47	0	0
401	4591	237	242	792	0	0
402	4594	709	710	61	0	0
403	4595	709	711	66	608	2
404	4596	712	713	232	0	0
405	4603	714	715	155	0	0
406	4605	715	716	21	663	3
407	4606	717	595	19	382	2
408	4608	596	718	3	561	2
409	4643	413	722	77	140	1
410	4662	723	724	189	80	2
411	4664	377	725	100	51	1
412	4714	726	727	205	59	1
413	4715	727	728	306	170	1
414	4716	729	730	302	0	0
415	4717	729	731	40	2105	8
416	4719	732	733	1290	0	0
417	4726	29	62	39	1309	4
418	4741	734	735	88	1122	4
419	4745	736	737	27	654	2
420	4749	536	738	55	654	2
421	4751	739	740	39	280	1
422	4753	741	742	105	161	2
423	4757	743	744	76	0	0
424	4813	657	654	28	654	2
425	4814	691	746	58	280	1
426	4815	747	748	61	0	0
427	4816	747	482	29	561	2
428	4819	749	750	157	0	0
429	4820	376	751	256	1543	5
430	4821	751	55	75	0	0
431	4822	752	753	47	0	0
432	4823	754	755	146	1105	6
433	4824	755	756	133	1020	6
434	4825	757	758	50	841	3
435	4859	760	28	21	0	0
436	4860	28	761	49	1846	9
437	4867	762	763	46	280	1
438	4875	765	559	85	59	1
439	4876	559	741	26	0	0
440	4878	766	484	38	561	2
441	4879	767	766	24	0	0
442	4880	768	769	69	0	0
443	4881	769	770	60	561	2
444	4895	773	774	48	280	1
445	4914	161	723	404	0	0
446	4919	350	117	12	0	0
447	4923	744	777	87	0	0
448	4924	164	743	36	0	0
449	4925	743	165	40	0	0
450	5032	774	783	54	280	1
451	5033	783	380	25	0	0
452	5049	785	346	192	0	0
453	5098	460	434	397	0	0
454	5112	791	636	19	0	0
455	5172	555	796	302	51	1
456	5189	398	797	629	51	1
457	5228	787	626	29	0	0
458	5229	798	799	27	0	0
459	5233	800	801	128	178	3
460	5234	190	802	149	280	1
461	5235	190	597	138	0	0
462	5239	803	804	53	102	1
463	5242	501	102	69	0	0
464	5243	102	805	68	0	0
465	5257	807	625	37	0	0
466	5264	38	808	34	0	0
467	5265	808	809	21	1847	7
468	5283	811	812	616	0	0
469	5284	811	810	121	0	0
470	5289	371	813	170	0	0
471	5290	371	814	27	0	0
472	5291	787	798	26	0	0
473	5292	192	815	68	280	1
474	5316	781	817	150	59	1
475	5356	819	820	21	0	0
476	5357	820	821	122	654	11
477	5362	823	824	200	399	3
478	5365	764	825	175	0	0
479	5367	825	826	28	446	3
480	5368	827	828	55	0	0
481	5369	739	829	178	0	0
482	5373	828	830	43	280	1
483	5374	830	339	48	0	0
484	5380	831	832	59	654	2
485	5390	833	19	448	0	0
486	5394	821	809	105	0	0
487	5398	745	834	70	0	0
488	5400	835	836	70	161	2
489	5401	836	837	51	1122	4
490	5402	824	838	63	327	1
491	5403	838	839	31	280	1
492	5414	268	679	98	0	0
493	5426	577	841	84	0	0
494	5428	842	843	62	0	0
495	5440	182	670	291	0	0
496	5446	844	845	311	0	0
497	5462	846	847	118	0	0
498	5469	172	848	57	841	3
499	5470	849	850	113	841	3
500	5481	851	852	185	0	0
501	5504	275	276	976	0	0
502	5509	17	425	1135	0	0
503	5569	391	126	84	0	0
504	5575	856	393	124	0	0
505	5576	495	856	92	0	0
506	5605	859	860	140	0	0
507	5612	693	541	14	0	0
508	5613	541	861	49	0	0
509	5614	861	862	52	102	1
510	5616	388	863	72	280	1
511	5626	784	775	684	0	0
512	5632	864	865	74	1402	5
513	5633	866	741	20	0	0
514	5668	492	868	286	0	0
515	5669	868	869	90	0	0
516	5671	870	871	57	0	0
517	5673	872	416	358	0	0
518	5684	79	876	19	0	0
519	5685	876	698	92	0	0
520	5733	74	73	397	0	0
521	5798	880	86	171	0	0
522	5799	881	882	18	0	0
523	5804	84	883	170	0	0
524	5805	883	874	37	0	0
525	5822	884	271	182	0	0
526	5861	67	886	28	0	0
527	5867	887	65	32	0	0
528	5868	65	888	24	0	0
529	5874	889	890	49	0	0
530	5875	890	64	144	0	0
531	5876	64	63	628	0	0
532	5880	216	888	83	0	0
533	5881	888	887	34	0	0
534	5921	402	895	603	0	0
535	5934	896	897	37	841	3
536	5936	898	416	54	0	0
537	5941	900	870	66	0	0
538	5942	870	898	158	0	0
539	5946	871	900	66	0	0
540	5948	899	901	270	0	0
541	6008	902	903	62	327	1
542	6050	334	406	51	140	1
543	6051	904	905	92	280	1
544	6076	80	78	96	0	0
545	6092	905	907	11	0	0
546	6095	907	908	16	561	2
547	6102	75	403	44	280	1
548	6220	913	879	84	0	0
549	6224	458	915	11	0	0
550	6228	278	66	45	0	0
551	6276	913	513	118	0	0
552	6280	875	473	270	0	0
553	6312	881	883	143	0	0
554	6330	919	920	32	0	0
555	6334	920	921	83	0	0
556	6335	921	335	176	51	1
557	6336	922	918	26	0	0
558	6337	923	920	201	0	0
559	6387	511	924	94	327	1
560	6399	926	800	14	0	0
561	6435	929	930	7	0	0
562	6436	930	931	113	102	1
563	6442	929	932	135	280	1
564	6514	607	417	277	0	0
565	6601	935	400	74	0	0
566	6603	926	936	86	0	0
567	6631	938	939	34	280	1
568	6707	191	940	540	85	1
569	6754	941	101	453	0	0
570	6760	942	419	750	0	0
571	6784	99	928	251	140	1
572	6795	944	922	129	140	1
573	6796	814	672	213	0	0
574	6813	945	452	18	0	0
575	6814	152	373	20	0	0
576	6816	946	947	421	0	0
577	6817	336	555	722	0	0
578	6849	923	919	79	0	0
579	6866	948	949	71	327	1
580	6867	949	950	55	0	0
581	6876	515	628	57	0	0
582	6911	101	91	435	0	0
583	6912	91	420	183	0	0
584	6924	941	789	414	0	0
585	6925	951	589	155	0	0
586	6971	373	945	21	0	0
587	6977	452	152	18	0	0
588	6988	256	953	61	0	0
589	6989	953	954	37	561	2
590	6997	955	253	178	561	2
591	7010	131	952	509	0	0
592	7014	630	474	582	0	0
593	7094	960	961	26	561	2
594	7095	961	962	20	561	2
595	7107	877	878	161	0	0
596	7116	199	703	19	0	0
597	7143	963	964	55	0	0
598	7144	965	963	57	0	0
599	7145	966	967	38	0	0
600	7146	968	966	38	0	0
601	7150	966	875	100	0	0
602	7151	967	968	15	0	0
603	7153	964	967	9	0	0
604	7154	965	964	18	0	0
605	7199	826	41	91	0	0
606	7200	970	971	120	0	0
607	7217	703	973	19	0	0
608	7218	973	194	19	0	0
609	7219	194	199	20	0	0
610	7225	974	975	20	0	0
611	7226	975	976	20	0	0
612	7227	976	977	19	0	0
613	7228	977	974	14	0	0
614	7229	978	979	38	561	2
615	7230	974	978	55	0	0
616	7231	978	625	71	0	0
617	7232	980	981	39	0	0
618	7233	981	807	109	102	1
619	7234	348	980	17	0	0
620	7235	980	936	33	0	0
621	7238	816	982	16	0	0
622	7239	982	926	65	0	0
623	7260	983	605	507	0	0
624	7263	554	498	34	0	0
625	7318	460	100	63	0	0
626	7403	8	415	179	0	0
627	7411	81	83	127	0	0
628	7413	270	699	76	0	0
629	7419	512	471	93	0	0
630	7439	986	987	24	0	0
631	7452	987	988	62	0	0
632	7453	988	986	24	0	0
633	7456	989	990	28	0	0
634	7457	991	989	213	280	1
635	7458	22	484	10	0	0
636	7459	992	767	182	0	0
637	7460	10	538	9	0	0
638	7467	491	750	105	0	0
639	7483	959	993	139	0	0
640	7484	993	842	18	59	1
641	7485	842	577	69	0	0
642	7486	576	759	283	0	0
643	7487	841	994	113	238	4
644	7488	994	846	22	0	0
645	7489	847	995	253	0	0
646	7501	996	997	51	654	2
647	7508	847	843	294	357	6
648	7539	26	998	57	0	0
649	7573	852	171	55	0	0
650	7581	852	47	124	0	0
651	7582	47	849	56	0	0
652	7583	999	1000	506	0	0
653	7600	768	753	55	0	0
654	7603	1001	1002	53	0	0
655	7604	530	1003	91	0	0
656	7607	530	1004	48	0	0
657	7609	1004	1005	43	178	3
658	7637	1007	528	126	0	0
659	7644	778	1008	133	0	0
660	7649	1008	527	121	0	0
661	7656	1010	1011	336	0	0
662	7660	855	163	32	0	0
663	7669	855	162	21	0	0
664	7678	1010	1012	189	51	1
665	7689	777	164	119	0	0
666	7692	1013	1014	166	102	1
667	7697	869	187	383	0	0
668	7699	840	643	15	0	0
669	7708	834	1015	90	654	2
670	7709	1015	659	35	0	0
671	7710	1016	653	77	0	0
672	7711	653	656	63	0	0
673	7714	1017	337	50	327	1
674	7715	859	1018	50	977	9
675	7716	837	859	83	841	3
676	7729	492	669	346	0	0
677	7735	1019	860	137	280	1
678	7744	27	1020	63	0	0
679	7746	1020	480	49	0	0
680	7749	1021	819	143	327	1
681	7752	843	994	129	0	0
682	7760	574	185	123	0	0
683	7761	185	494	26	0	0
684	7799	1022	764	22	59	1
685	7800	8	1023	23	327	1
686	7801	1023	1022	49	204	2
687	7802	750	42	109	0	0
688	7803	42	1024	54	0	0
689	7804	41	1025	200	0	0
690	7805	746	491	69	327	1
691	7806	52	39	58	1985	17
692	7830	1026	862	13	0	0
693	7831	1027	1028	23	0	0
694	7832	1028	1026	57	59	1
695	7845	853	1029	50	0	0
696	7846	1029	1030	49	0	0
697	7855	1031	1003	170	0	0
698	7856	1032	43	137	0	0
699	7859	1025	1033	137	327	1
700	7860	991	754	29	0	0
701	7861	839	1018	35	59	1
702	7864	557	550	75	0	0
703	7865	167	168	100	0	0
704	7867	1034	1035	353	51	1
705	7869	130	1036	160	51	1
706	7878	845	1037	225	0	0
707	7880	822	1032	57	0	0
708	7884	1033	1038	290	280	1
709	7892	826	1024	52	0	0
710	7896	1027	1026	31	0	0
711	7910	276	999	1167	0	0
712	7918	1039	844	148	0	0
713	8031	529	1041	189	140	1
714	8038	1006	548	110	0	0
715	8046	1007	1042	7	0	0
716	8047	1042	56	100	51	1
717	8191	814	946	96	0	0
718	8192	813	418	46	0	0
719	8223	947	813	534	0	0
720	8232	946	1043	73	140	1
721	8265	1044	775	1237	0	0
722	8293	1002	827	268	0	0
723	8295	1046	1047	36	0	0
724	8296	1047	739	37	561	2
725	8297	1048	866	99	327	1
726	8313	776	1049	144	0	0
727	8345	779	676	568	0	0
728	8346	1009	779	653	0	0
729	8359	882	1050	123	0	0
730	8362	1051	1052	75	170	1
731	8363	1052	82	70	0	0
732	8369	1053	1054	82	0	0
733	8393	1057	726	185	0	0
734	8394	728	730	84	0	0
735	8421	1059	69	42	0	0
736	8429	1059	1060	54	0	0
737	8432	188	1061	53	327	1
738	8474	916	77	43	0	0
739	8478	698	1056	153	0	0
740	8481	1051	1050	55	0	0
741	8482	1050	1062	6	0	0
742	8483	1062	87	60	0	0
743	8490	895	1063	115	0	0
744	8537	342	1064	37	654	2
745	8551	545	913	76	0	0
746	8559	389	777	141	0	0
747	8561	1065	1014	49	0	0
748	8562	1065	1066	158	280	1
749	8565	494	664	105	2054	7
750	8574	1067	1055	93	51	1
751	8584	1068	1069	32	0	0
752	8592	915	1071	61	163	1
753	8598	1068	1072	168	140	1
754	8605	915	1054	134	0	0
755	8610	906	712	489	0	0
756	8611	712	459	54	0	0
757	8614	713	68	138	0	0
758	8615	1067	1070	22	0	0
759	8618	881	711	75	0	0
760	8713	1073	1074	40	561	2
761	8720	1070	454	141	0	0
762	8722	910	1075	71	163	1
763	8730	1063	963	939	0	0
764	8746	972	343	2005	0	0
765	8753	1076	1077	68	841	3
766	8755	76	912	128	0	0
767	8764	710	272	20	0	0
768	8781	972	894	72	0	0
769	8790	1078	273	98	0	0
770	8796	273	902	51	0	0
771	8797	902	1078	50	0	0
772	8798	1078	710	55	0	0
773	8821	1079	522	206	51	1
774	8825	1071	1053	17	0	0
775	8832	891	901	1487	327	2
776	8855	407	1080	74	51	1
777	8868	916	1081	45	1963	7
778	8886	1056	1063	106	0	0
779	8918	621	1082	118	0	0
780	8927	877	904	23	0	0
781	8945	893	909	85	140	1
782	8958	1062	1061	132	0	0
783	8959	81	1061	7	0	0
784	8966	892	886	725	327	2
785	9020	624	1083	392	0	0
786	9122	1084	468	174	280	1
787	9156	802	192	45	0	0
788	9161	354	1087	93	0	0
789	9163	1088	1082	72	340	2
790	9180	353	1089	32	0	0
791	9187	354	1090	154	0	0
792	9193	621	1088	48	0	0
793	9194	1088	935	48	0	0
794	9237	609	927	91	0	0
795	9238	927	983	381	0	0
796	9250	805	803	25	0	0
797	9254	806	1092	68	280	1
798	9255	94	806	51	0	0
799	9258	95	501	243	0	0
800	9259	805	950	47	0	0
801	9312	941	587	1262	0	0
802	9313	420	969	23	0	0
803	9336	279	109	50	0	0
804	9337	280	1094	56	280	1
805	9339	1094	1095	57	280	1
806	9340	110	1096	27	280	1
807	9341	109	938	54	280	1
808	9342	383	1097	20	0	0
809	9344	385	1098	34	0	0
810	9345	1098	1099	51	0	0
811	9348	807	594	92	119	2
812	9350	509	1100	89	280	1
813	9358	1100	1098	235	0	0
814	9366	1091	1097	93	0	0
815	9367	1099	1102	72	0	0
816	9370	510	280	54	0	0
817	9372	279	97	159	0	0
818	9373	97	1093	252	0	0
819	9406	206	632	20	0	0
820	9407	206	193	410	0	0
821	9414	937	973	74	0	0
822	9417	586	788	518	51	1
823	9419	588	951	106	0	0
824	9445	793	606	168	51	1
825	9465	950	96	70	0	0
826	9467	803	1103	83	170	1
827	9485	90	942	148	51	1
828	9525	648	933	30	0	0
829	9526	933	613	37	0	0
830	9527	610	648	31	0	0
831	9531	1104	943	804	51	1
832	9534	944	1105	33	140	1
833	9544	1092	103	56	0	0
834	9545	103	948	7	0	0
835	9559	925	1106	33	0	0
836	9594	1087	1107	53	0	0
837	9595	1107	976	73	59	1
838	9602	509	384	217	0	0
839	9653	948	1110	39	102	1
840	9664	1106	1111	48	280	1
841	9669	799	626	29	0	0
842	9688	228	1112	222	0	0
843	9698	647	632	21	0	0
844	9699	633	647	41	0	0
845	9704	1113	1114	30	204	2
846	9711	514	1115	63	561	2
847	9716	790	1116	55	51	1
848	9719	264	1117	33	0	0
849	9723	1101	633	142	0	0
850	9730	1086	1113	279	0	0
851	9748	318	1118	32	59	1
852	9761	301	1119	164	0	0
853	9763	362	231	100	714	12
854	9774	136	253	69	0	0
855	9775	1120	115	39	561	2
856	9785	233	1121	29	0	0
857	9787	1121	1122	62	561	2
858	9792	133	217	69	0	0
859	9795	151	1123	104	0	0
860	9797	312	235	515	0	0
861	9810	361	114	27	0	0
862	9811	114	694	49	0	0
863	9812	694	361	20	0	0
864	9821	1123	138	14	1122	4
865	9825	1124	1125	62	561	2
866	9836	155	1127	52	204	2
867	9838	444	1128	195	51	1
868	9842	355	246	384	0	0
869	9846	263	1129	84	140	1
870	9847	1130	1131	64	0	0
871	9850	1117	1119	82	0	0
872	9854	265	264	294	0	0
873	9858	1132	249	144	280	1
874	9873	1130	705	82	0	0
875	9886	239	240	16	0	0
876	9887	243	1126	53	280	2
877	9917	251	154	38	0	0
878	9918	155	153	47	0	0
879	9920	1132	298	42	0	0
880	9924	254	5	83	102	1
881	9928	257	598	63	280	1
882	9952	1131	1133	229	51	1
883	9971	391	128	93	0	0
884	9977	448	314	485	0	0
885	9995	1135	1134	66	51	1
886	10034	1136	1137	49	280	1
887	10050	721	583	26	0	0
888	10077	1138	449	485	85	1
889	10104	53	1045	212	59	1
890	10105	1045	339	126	0	0
891	10106	1139	1046	81	59	1
892	10107	765	752	29	0	0
893	10122	1141	1140	251	51	1
894	10123	325	584	806	0	0
895	10124	584	1142	337	51	1
896	10125	1109	236	209	0	0
897	10131	241	719	23	0	0
898	10132	719	1143	60	51	1
899	10170	284	785	81	0	0
900	10171	785	347	239	0	0
901	10175	1144	708	381	140	1
902	10186	1109	1145	196	51	1
903	10193	1146	1147	52	841	3
904	10194	1147	960	17	0	0
905	10196	145	1146	21	0	0
906	10214	215	772	153	0	0
907	10216	127	392	89	0	0
908	10230	1028	338	231	0	0
909	10238	1148	1027	173	59	1
910	10239	542	1148	73	0	0
911	10283	1149	1150	46	476	8
912	10296	1151	656	56	0	0
913	10298	656	748	220	1215	4
914	10299	748	1152	43	0	0
915	10300	1152	771	27	327	1
916	10302	55	1139	68	374	3
917	10303	1139	971	69	0	0
918	10304	971	1048	53	667	3
919	10305	1048	754	112	608	2
920	10306	1153	1154	52	654	2
921	10307	1155	1151	211	306	3
922	10308	1151	1001	304	280	1
923	10312	1157	659	152	102	1
924	10313	776	1044	101	0	0
925	10315	834	1155	93	0	0
926	10316	1155	1153	60	0	0
927	10317	1153	1016	94	0	0
928	10322	661	1158	14	170	1
929	10323	208	853	170	0	0
930	10325	1030	854	170	0	0
931	10327	1149	19	39	0	0
932	10352	1159	970	107	59	1
933	10353	970	1160	97	119	2
934	10354	1160	1161	236	0	0
935	10356	1160	55	73	0	0
936	10363	1152	1002	203	0	0
937	10368	1156	992	45	0	0
938	10369	756	1017	82	0	0
939	10370	755	990	86	0	0
940	10372	860	1038	59	561	5
941	10373	1038	1159	58	501	4
942	10374	1159	991	139	1033	7
943	10375	756	550	48	841	3
944	10377	1025	1161	96	0	0
945	10378	1161	658	42	0	0
946	10379	826	835	95	561	5
947	10380	749	1025	99	0	0
948	10430	1162	533	64	714	12
949	10432	285	283	32	0	0
950	10433	283	732	27	0	0
951	10436	1163	1164	83	51	1
952	10437	1164	818	91	0	0
953	10438	818	493	45	0	0
954	10441	857	345	121	0	0
955	10443	345	281	110	0	0
956	10449	857	281	187	0	0
957	10487	535	1165	84	280	1
958	10498	1022	757	158	0	0
959	10500	757	1166	83	0	0
960	10501	1166	1167	101	0	0
961	10502	826	1167	116	59	1
962	10503	1167	823	136	697	11
963	10504	535	823	11	280	1
964	10509	749	372	125	429	2
965	10548	681	1168	153	0	0
966	10549	1168	1169	73	59	1
967	10576	693	861	70	561	2
968	10607	208	854	15	0	0
969	10618	853	1030	15	0	0
970	10620	752	1171	41	382	2
971	10621	1023	763	78	0	0
972	10622	745	1172	55	1402	5
973	10644	995	268	180	119	2
974	10718	1032	570	25	0	0
975	10757	1173	1024	130	161	2
976	10758	1174	35	44	204	2
977	10774	829	768	37	0	0
978	10798	767	1175	101	841	3
979	10800	376	829	94	0	0
980	10802	627	567	8	0	0
981	10805	1177	563	48	0	0
982	10806	1176	1177	7	0	0
983	10807	627	1177	178	0	0
984	10814	1176	1178	272	0	0
985	10815	1178	435	389	0	0
986	10816	1179	23	33	0	0
987	10817	1178	1179	6	0	0
988	10818	1177	1179	268	0	0
989	10819	1179	435	392	0	0
990	10827	835	1180	62	327	1
991	10829	837	561	92	0	0
992	10831	1156	557	48	0	0
993	10832	1017	1181	88	327	1
994	10833	1181	990	51	0	0
995	10834	340	1040	529	0	0
996	10842	20	1049	83	280	1
997	10847	568	1031	17	0	0
998	10849	569	1031	83	0	0
999	10884	1183	1184	97	799	6
1000	10887	1185	1186	98	280	1
1001	10907	1187	1188	101	1963	7
1002	10908	1187	1189	93	0	0
1003	10976	1192	1193	722	102	2
1004	10993	1196	1192	17	0	0
1005	11006	1198	1199	99	59	2
1006	11018	1200	1201	162	382	2
1007	11025	1202	1203	35	280	1
1008	11026	1204	1205	50	119	2
1009	11035	1206	1207	224	1757	10
1010	11036	1207	1208	37	0	0
1011	11037	1209	1210	55	0	0
1012	11056	1212	1213	98	0	0
1013	11076	1214	1215	137	841	3
1014	11079	1216	1217	46	280	1
1015	11084	1218	1219	120	1122	4
1016	11098	1220	1221	232	561	2
1017	11099	1222	1223	38	280	1
1018	11100	1224	1225	127	561	2
1019	11185	1230	1231	80	280	1
1020	11210	1232	1233	11	0	0
1021	11229	1236	1237	231	102	2
1022	11237	1238	1239	147	561	2
1023	11240	1240	1241	46	382	2
1024	11243	1242	1235	181	0	0
1025	11262	1243	1244	59	280	1
1026	11290	1246	1247	349	0	0
1027	11307	1249	1250	20	0	0
1028	11325	1252	1253	46	1683	6
1029	11336	1254	1255	78	102	1
1030	11337	1255	1256	99	0	0
1031	11339	1257	1256	154	0	0
1032	11360	1234	1242	252	51	1
1033	11363	1259	1260	213	0	0
1034	11372	1261	1254	136	0	0
1035	11380	1262	1263	72	0	0
1036	11387	1264	1265	4	0	0
1037	11388	1265	1266	242	799	6
1038	11393	1269	1270	6	0	0
1039	11401	1271	1272	537	0	0
1040	11434	1274	1275	109	102	2
1041	11453	1276	1277	69	382	2
1042	11460	1278	1279	22	280	1
1043	11461	1279	1280	67	0	0
1044	11464	1280	1281	25	841	3
1045	11507	1285	1286	141	280	1
1046	11517	1287	1288	38	0	0
1047	11519	1289	1268	114	59	1
1048	11521	1290	1289	52	280	1
1049	11522	1184	1291	4	0	0
1050	11534	1292	1293	84	0	0
1051	11549	1294	1295	868	0	0
1052	11551	1296	1297	212	102	2
1053	11552	1297	1298	4	0	0
1054	11565	1299	1300	61	561	2
1055	11566	1300	1301	41	0	0
1056	11567	1302	1299	78	0	0
1057	11568	1302	1303	51	280	1
1058	11573	1305	1304	921	0	0
1059	11575	1306	1307	33	841	3
1060	11583	1308	1309	99	0	0
1061	11587	1310	1213	59	0	0
1062	11612	1311	1312	31	153	3
1063	11613	1312	1260	8	0	0
1064	11658	1317	1318	79	0	0
1065	11669	1319	1320	135	1122	4
1066	11670	1320	1321	117	1867	14
1067	11671	1322	1323	68	561	2
1068	11673	1324	1325	6	1122	4
1069	11674	1325	1326	112	102	1
1070	11675	1327	1252	205	0	0
1071	11692	1329	1330	15	1963	7
1072	11698	1331	1332	187	59	1
1073	11704	1333	1334	159	0	0
1074	11708	1337	1338	20	0	0
1075	11709	1338	1339	23	0	0
1076	11712	1341	1301	129	561	2
1077	11713	1342	1343	145	0	0
1078	11714	1344	1345	41	0	0
1079	11715	1290	1291	64	0	0
1080	11716	1346	1347	33	59	1
1081	11718	1309	1306	37	0	0
1082	11721	1348	1290	150	722	4
1083	11722	1349	1350	44	0	0
1084	11727	1354	1353	106	0	0
1085	11738	1182	1355	43	0	0
1086	11745	1357	1358	70	0	0
1087	11747	1359	1360	193	0	0
1088	11751	1362	1292	132	1555	10
1089	11752	1292	1363	37	663	3
1090	11753	1293	1364	132	0	0
1091	11756	1361	1366	170	0	0
1092	11757	1367	1188	93	0	0
1093	11767	1369	1370	58	0	0
1094	11771	1371	1372	1144	0	0
1095	11778	1373	1374	303	140	1
1096	11780	1375	1271	494	0	0
1097	11788	1377	1378	45	0	0
1098	11813	1381	1382	212	0	0
1099	11821	1288	1383	119	204	2
1100	11838	1385	1386	879	0	0
1101	11840	1387	1201	44	119	2
1102	11847	1388	1389	789	0	0
1103	11852	1390	1391	105	0	0
1104	11853	1392	1393	578	0	0
1105	11854	1394	1395	220	0	0
1106	11863	1397	1368	636	51	1
1107	11870	1400	1401	125	280	1
1108	11873	1402	1403	530	0	0
1109	11874	1404	1402	287	0	0
1110	11877	1406	1407	928	102	2
1111	11880	1409	1372	238	140	1
1112	11898	1410	1411	943	0	0
1113	11899	1412	1258	1107	0	0
1114	11921	1413	1414	549	0	0
1115	11942	1288	1346	12	0	0
1116	11969	1245	1421	136	0	0
1117	11977	1423	1238	7	0	0
1118	11978	1238	1424	70	0	0
1119	12000	1426	1222	53	0	0
1120	12002	1427	1428	54	0	0
1121	12027	1359	1232	12	0	0
1122	12036	1434	1240	48	0	0
1123	12086	1440	1441	698	0	0
1124	12114	1437	1448	56	0	0
1125	12128	1451	1452	55	0	0
1126	12130	1453	1446	52	0	0
1127	12140	1455	1439	29	0	0
1128	12144	1456	1448	30	561	2
1129	12145	1457	1458	703	0	0
1130	12155	1449	1368	703	0	0
1131	12180	1233	1359	16	0	0
1132	12230	1431	1243	39	0	0
1133	12242	1460	1461	100	0	0
1134	12251	1347	1464	104	178	3
1135	12258	1203	1189	91	0	0
1136	12259	1465	1466	16	0	0
1137	12260	1465	1348	92	561	2
1138	12262	1321	1467	104	0	0
1139	12268	1335	1333	314	0	0
1140	12279	1468	1469	53	0	0
1141	12280	1270	1470	135	280	1
1142	12281	1470	1308	4	0	0
1143	12286	1277	1471	74	0	0
1144	12299	1472	1473	5	0	0
1145	12300	1473	1474	110	663	3
1146	12301	1474	1475	22	1122	4
1147	12304	1254	1434	135	0	0
1148	12307	1202	1293	63	0	0
1149	12321	1355	1477	275	0	0
1150	12324	1478	1479	56	841	3
1151	12326	1480	1481	10	561	2
1152	12336	1469	1482	31	1812	8
1153	12382	1484	1485	67	0	0
1154	12394	1487	1486	57	0	0
1155	12411	1428	1489	263	0	0
1156	12432	1492	1493	44	561	2
1157	12439	1246	1494	329	0	0
1158	12467	1246	1496	250	0	0
1159	12473	1406	1272	392	0	0
1160	12487	1208	1498	73	561	2
1161	12511	1476	1499	22	841	3
1162	12527	1500	1501	506	102	2
1163	12551	1321	1362	94	824	8
1164	12570	1505	1506	476	0	0
1165	12571	1505	1507	124	59	1
1166	12575	1508	1509	253	0	0
1167	12577	1507	1510	75	0	0
1168	12581	1511	1512	129	0	0
1169	12595	1513	1514	173	51	1
1170	12606	1250	1248	337	0	0
1171	12658	1521	1522	489	102	2
1172	12664	1524	1525	94	280	2
1173	12665	1525	1296	140	0	0
1174	12686	1526	1527	442	102	2
1175	12706	1436	1411	161	140	1
1176	12719	1500	1509	99	0	0
1177	12745	1529	1530	392	0	0
1178	12755	1531	1532	29	561	2
1179	12814	1535	1536	16	0	0
1180	12819	1537	1538	237	0	0
1181	12820	1538	1384	682	0	0
1182	12830	1210	1267	204	0	0
1183	12847	1541	1542	218	0	0
1184	12855	1543	1199	111	0	0
1185	12860	1545	1546	136	0	0
1186	12864	1468	1182	201	0	0
1187	12867	1548	1309	171	0	0
1188	12868	1264	1548	93	0	0
1189	12877	1228	1550	46	0	0
1190	12878	1550	1551	18	561	2
1191	12883	1552	1344	111	2108	13
1192	12884	1553	1214	102	841	3
1193	12885	1214	1202	22	238	4
1194	12886	1510	1487	141	280	1
1195	12922	1556	1557	1560	0	0
1196	12924	1337	1303	84	0	0
1197	12926	1558	1337	24	0	0
1198	12927	1339	1558	18	0	0
1199	12947	1327	1560	55	59	1
1200	12949	1560	1433	16	0	0
1201	12950	1433	1561	22	0	0
1202	12951	1561	1560	22	0	0
1203	12959	1562	1285	139	0	0
1204	12999	1518	1463	748	0	0
1205	13003	1506	1563	1358	0	0
1206	13011	1455	1564	102	0	0
1207	13012	1564	1227	190	663	3
1208	13029	1567	1568	107	0	0
1209	13038	1571	1567	92	0	0
1210	13039	1567	1572	116	0	0
1211	13043	1573	1444	188	0	0
1212	13049	1195	1575	2602	0	0
1213	13057	1494	1577	607	0	0
1214	13065	1578	1579	210	0	0
1215	13067	1580	1581	802	0	0
1216	13072	1583	1584	97	0	0
1217	13073	1584	1585	116	0	0
1218	13076	1489	1585	102	0	0
1219	13084	1587	1588	82	140	1
1220	13086	1581	1587	241	0	0
1221	13089	1388	1589	833	0	0
1222	13090	1389	1590	166	204	2
1223	13097	1591	1592	1093	0	0
1224	13111	1392	1508	889	0	0
1225	13112	1393	1595	924	0	0
1226	13113	1595	1397	747	0	0
1227	13118	1596	1597	277	0	0
1228	13119	1438	1228	126	0	0
1229	13120	1228	1598	130	0	0
1230	13126	1600	1229	514	0	0
1231	13127	1425	1601	33	0	0
1232	13128	1601	1602	144	0	0
1233	13129	1602	1564	62	0	0
1234	13131	1600	1395	31	102	1
1235	13133	1603	1396	86	0	0
1236	13137	1592	1497	93	0	0
1237	13144	1604	1605	283	0	0
1238	13145	1605	1606	173	0	0
1239	13147	1607	1354	87	0	0
1240	13148	1328	1516	299	0	0
1241	13149	1353	1352	213	0	0
1242	13150	1351	1349	75	0	0
1243	13152	1605	1515	250	59	1
1244	13165	1608	1609	72	59	1
1245	13171	1565	1602	99	0	0
1246	13172	1602	1598	51	0	0
1247	13174	1446	1439	600	0	0
1248	13196	1545	1572	50	280	1
1249	13197	1572	1454	297	0	0
1250	13198	1571	1443	158	0	0
1251	13199	1546	1610	389	0	0
1252	13200	1546	1611	291	0	0
1253	13203	1612	1613	110	0	0
1254	13206	1615	1490	238	0	0
1255	13208	1449	1457	123	0	0
1256	13214	1445	1573	34	0	0
1257	13236	1399	1614	631	0	0
1258	13237	1614	1585	239	0	0
1259	13243	1616	1442	176	0	0
1260	13245	1458	1444	988	0	0
1261	13246	1458	1440	65	0	0
1262	13247	1440	1442	792	0	0
1263	13259	1412	1618	603	0	0
1264	13271	1619	1404	429	0	0
1265	13275	1403	1620	90	0	0
1266	13276	1584	1427	56	0	0
1267	13289	1520	1621	285	0	0
1268	13292	1586	1581	970	0	0
1269	13293	1427	1583	102	0	0
1270	13306	1496	1371	249	0	0
1271	13314	1623	1295	1005	0	0
1272	13334	1405	1625	551	0	0
1273	13336	1375	1625	146	0	0
1274	13337	1625	1406	237	0	0
1275	13338	1626	1627	445	0	0
1276	13340	1407	1628	291	0	0
1277	13341	1626	1629	544	0	0
1278	13342	1629	1628	153	0	0
1279	13343	1628	1630	1475	0	0
1280	13349	1544	1543	117	0	0
1281	13352	1631	1632	616	0	0
1282	13355	1528	1633	1486	0	0
1283	13363	1382	1233	113	0	0
1284	13379	1634	1635	104	561	2
1285	13390	1636	1637	95	280	1
1286	13391	1637	1266	115	280	1
1287	13394	1604	1435	197	0	0
1288	13395	1515	1638	140	0	0
1289	13400	1639	1640	74	280	1
1290	13403	1606	1638	274	0	0
1291	13484	1641	1503	771	0	0
1292	13493	1617	1354	462	0	0
1293	13499	1574	1576	684	102	2
1294	13506	1316	1412	235	0	0
1295	13535	1553	1642	95	280	1
1296	13539	1464	1185	49	0	0
1297	13542	1644	1645	55	204	2
1298	13544	1523	1524	12	0	0
1299	13556	1621	1646	163	102	2
1300	13557	1646	1520	130	0	0
1301	13562	1647	1648	22	0	0
1302	13566	1648	1649	261	102	2
1303	13617	1462	1542	196	0	0
1304	13621	1650	1511	100	280	1
1305	13624	1442	1651	1025	0	0
1306	13625	1652	1423	403	102	1
1307	13655	1510	1653	81	510	5
1308	13684	1603	1656	459	51	1
1309	13778	1658	1659	78	29	1
1310	13836	1506	1332	223	0	0
1311	13912	1224	1324	56	0	0
1312	13914	1660	1661	31	0	0
1313	13915	1661	1346	25	765	4
1314	13916	1662	1663	105	561	2
1315	13917	1663	1664	98	1963	7
1316	13971	1249	1666	175	59	1
1317	13983	1447	1453	258	0	0
1318	13989	1536	1262	172	1683	6
1319	13994	1667	1668	48	280	1
1320	13999	1421	1422	36	0	0
1321	14009	1364	1669	5	0	0
1322	14010	1669	1212	22	102	1
1323	14015	1326	1217	66	280	4
1324	14016	1217	1319	96	0	0
1325	14021	1343	1670	4	0	0
1326	14022	1670	1345	73	102	1
1327	14026	1671	1334	34	0	0
1328	14028	1334	1672	71	280	1
1329	14030	1673	1674	167	1963	7
1330	14031	1674	1675	62	280	1
1331	14032	1299	1675	68	0	0
1332	14033	1675	1673	24	0	0
1333	14034	1303	1218	118	0	0
1334	14064	1591	1284	578	0	0
1335	14068	1554	1358	370	0	0
1336	14071	1390	1677	239	280	1
1337	14072	1677	1385	286	0	0
1338	14095	1391	1537	675	0	0
1339	14135	1259	1678	44	102	2
1340	14144	1613	1611	341	0	0
1341	14154	1350	1679	99	1683	6
1342	14169	1586	1428	273	102	2
1343	14179	1247	1622	270	0	0
1344	14185	1665	1680	958	140	1
1345	14186	1680	1194	136	0	0
1346	14212	1682	1593	213	0	0
1347	14228	1443	1568	77	0	0
1348	14229	1568	1545	42	0	0
1349	14313	1684	1685	361	191	2
1350	14355	1686	1687	375	140	1
1351	14356	1687	1559	125	0	0
1352	14357	1688	1384	522	0	0
1353	14359	1688	1537	943	0	0
1354	14360	1688	1386	109	0	0
1355	14361	1689	1685	20	0	0
1356	14362	1689	1690	227	51	1
1357	14375	1488	1450	35	0	0
1358	14376	1450	1691	43	0	0
1359	14377	1691	1201	6	0	0
1360	14393	1681	1693	104	561	2
1361	14395	1416	1694	193	0	0
1362	14396	1694	1695	109	0	0
1363	14413	1589	1654	150	102	2
1364	14421	1559	1415	89	0	0
1365	14422	1538	1502	246	0	0
1366	14423	1391	1594	907	0	0
1367	14425	1537	1502	244	0	0
1368	14448	1314	1315	271	0	0
1369	14449	1315	1676	1189	0	0
1370	14450	1676	1651	34	0	0
1371	14454	1696	1460	110	280	1
1372	14456	1529	1652	96	0	0
1373	14457	1301	1343	79	0	0
1374	14458	1345	1290	82	340	2
1375	14459	1697	1342	76	0	0
1376	14460	1342	1341	76	0	0
1377	14486	1419	1485	216	0	0
1378	14487	1485	1313	30	0	0
1379	14489	1694	1698	18	0	0
1380	14502	1699	1700	91	140	1
1381	14527	1701	1379	268	0	0
1382	14532	1702	1703	227	0	0
1383	14579	1695	1378	72	0	0
1384	14580	1378	1421	29	0	0
1385	14582	1377	1698	181	0	0
1386	14597	1704	1434	169	0	0
1387	14603	1570	1571	62	0	0
1388	14615	1633	1632	1353	0	0
1389	14618	1336	1294	14	0	0
1390	14621	1333	1338	49	0	0
1391	14647	1630	1317	251	0	0
1392	14694	1597	1528	1213	0	0
1393	14695	1380	1519	103	0	0
1394	14701	1631	1597	46	0	0
1395	14709	1382	1460	234	0	0
1396	14713	1640	1705	30	0	0
1397	14718	1705	1706	48	280	1
1398	14721	1552	1363	89	518	5
1399	14725	1264	1263	94	561	2
1400	14726	1263	1468	155	0	0
1401	14728	1355	1327	169	0	0
1402	14729	1535	1204	77	0	0
1403	14730	1548	1349	228	0	0
1404	14731	1261	1369	9	0	0
1405	14732	1370	1636	188	0	0
1406	14735	1266	1204	43	0	0
1407	14736	1707	1361	113	0	0
1408	14737	1361	1708	88	0	0
1409	14746	1383	1709	56	0	0
1410	14747	1709	1254	119	0	0
1411	14748	1472	1660	51	561	2
1412	14750	1698	1710	87	102	1
1413	14751	1341	1671	105	0	0
1414	14752	1711	1530	32	0	0
1415	14753	1530	1305	195	280	1
1416	14754	1383	1712	193	0	0
1417	14755	1711	1712	66	0	0
1418	14756	1712	1704	78	0	0
1419	14757	1713	1342	117	561	2
1420	14759	1362	1714	51	280	1
1421	14760	1715	1713	72	280	1
1422	14761	1467	1715	99	119	2
1423	14762	1715	1716	63	382	2
1424	14763	1697	1552	9	0	0
1425	14764	1363	1348	15	280	1
1426	14767	1360	1461	63	0	0
1427	14768	1461	1319	84	0	0
1428	14769	1360	1708	27	59	1
1429	14770	1708	1310	208	561	2
1430	14771	1310	1717	104	1402	5
1431	14772	1717	1718	6	0	0
1432	14774	1365	1717	75	0	0
1433	14775	1366	1365	80	0	0
1434	14776	1366	1310	92	0	0
1435	14777	1376	1719	35	1122	4
1436	14817	1720	1369	120	280	1
1437	14819	1709	1721	73	178	3
1438	14820	1721	1704	64	0	0
1439	14823	1424	1722	80	102	1
1440	14824	1424	1305	62	0	0
1441	14827	1716	1697	72	399	3
1442	14847	1517	1723	209	0	0
1443	14848	1723	1518	105	0	0
1444	14853	1498	1209	37	0	0
1445	14882	1615	1413	372	0	0
1446	14883	1508	1393	952	0	0
1447	14890	1720	1287	82	382	2
1448	14891	1714	1715	39	0	0
1449	14894	1452	1389	172	0	0
1450	14899	1611	1610	259	0	0
1451	14900	1612	1611	236	0	0
1452	14908	1213	1321	11	0	0
1453	14911	1703	1699	86	0	0
1454	15017	1472	1291	61	119	2
1455	15026	1534	1563	1290	0	0
1456	15044	1724	1725	97	841	3
1457	15047	1723	1726	409	178	3
1458	15062	1426	1425	82	59	1
1459	15074	1429	1445	802	0	0
1460	15075	1727	1728	40	327	1
1461	15077	1512	1727	46	0	0
1462	15080	1268	1269	115	119	2
1463	15081	1269	1308	68	0	0
1464	15132	1729	1730	69	280	1
1465	15135	1491	1555	467	102	2
1466	15224	1599	1608	192	0	0
1467	15235	1495	1692	126	59	1
1468	15236	1691	1495	47	484	3
1469	15239	1229	1220	298	0	0
1470	15240	1220	1426	84	0	0
1471	15241	1438	1437	163	0	0
1472	15268	1513	1618	235	0	0
1473	15300	1422	1318	8	0	0
1474	15322	1731	1504	362	204	4
1475	15346	1430	1652	45	0	0
1476	15347	1464	1711	125	0	0
1477	15351	1367	1644	185	327	1
1478	15353	1705	1667	37	0	0
1479	15355	1718	1364	40	0	0
1480	15356	1718	1553	37	0	0
1481	15357	1322	1671	78	0	0
1482	15362	1732	1381	20	280	1
1483	15367	1541	1278	20	0	0
1484	15382	1208	1607	229	0	0
1485	15383	1352	1733	30	0	0
1486	15384	1733	1351	85	561	2
1487	15385	1210	1206	74	0	0
1488	15433	1189	1466	74	841	3
1489	15442	1547	1477	73	0	0
1490	15443	1547	1734	115	59	1
1491	-4	73	884	1331	0	0
1492	-5	0	156	83	0	0
1493	-8	6	429	84	0	0
1494	-19	603	12	1385	0	0
1495	-23	13	790	78	0	0
1496	-30	34	36	482	0	0
1497	-31	36	415	603	0	0
1498	-43	64	65	150	0	0
1499	-54	71	717	122	0	0
1500	-59	72	879	159	0	0
1501	-61	74	75	385	0	0
1502	-67	1060	80	198	0	0
1503	-72	582	84	184	0	0
1504	-74	875	912	863	0	0
1505	-79	94	624	219	0	0
1506	-97	95	1083	178	0	0
1507	-125	118	540	1204	0	0
1508	-129	121	120	416	0	0
1509	-133	128	379	1462	0	0
1510	-134	125	129	726	0	0
1511	-138	140	137	133	0	0
1512	-139	141	229	404	0	0
1513	-141	143	302	758	0	0
1514	-146	447	525	1055	0	0
1515	-148	149	530	132	0	0
1516	-149	157	1132	60	0	0
1517	-151	258	952	662	0	0
1518	-157	165	349	119	0	0
1519	-161	169	170	634	0	0
1520	-162	171	172	69	0	0
1521	-173	869	822	373	0	0
1522	-174	187	840	208	0	0
1523	-175	188	87	93	0	0
1524	-192	937	189	506	0	0
1525	-194	810	918	1233	0	0
1526	-195	176	178	135	0	0
1527	-196	203	177	512	0	0
1528	-200	414	204	925	0	0
1529	-201	205	414	205	0	0
1530	-205	216	63	708	0	0
1531	-206	221	222	484	0	0
1532	-209	104	105	5325	0	0
1533	-210	229	986	684	0	0
1534	-211	230	142	181	0	0
1535	-212	147	158	146	0	0
1536	-215	141	233	222	0	0
1537	-223	238	228	708	0	0
1538	-225	299	246	365	0	0
1539	-227	373	248	705	0	0
1540	-231	252	250	116	0	0
1541	-236	113	318	762	0	0
1542	-241	263	262	141	0	0
1543	-243	265	1117	193	0	0
1544	-244	266	1140	1019	0	0
1545	-251	86	273	41	0	0
1546	-257	260	144	377	0	0
1547	-260	256	144	386	0	0
1548	-263	288	287	361	0	0
1549	-264	293	1109	544	0	0
1550	-277	287	289	271	0	0
1551	-278	298	249	186	0	0
1552	-284	142	305	387	0	0
1553	-285	142	147	249	0	0
1554	-286	147	153	154	0	0
1555	-290	230	111	168	0	0
1556	-291	158	313	126	0	0
1557	-295	309	307	269	0	0
1558	-313	334	408	907	0	0
1559	-325	223	159	1215	0	0
1560	-331	380	345	784	0	0
1561	-337	355	300	1310	0	0
1562	-339	357	356	510	0	0
1563	-342	76	911	1007	0	0
1564	-344	227	1112	388	0	0
1565	-345	363	243	102	0	0
1566	-348	143	365	194	0	0
1567	-351	365	341	330	0	0
1568	-354	143	303	809	0	0
1569	-356	372	658	127	0	0
1570	-358	945	952	441	0	0
1571	-361	374	431	45	0	0
1572	-362	377	119	147	0	0
1573	-366	379	378	1561	0	0
1574	-369	378	122	482	0	0
1575	-386	388	170	305	0	0
1576	-387	125	119	1272	0	0
1577	-388	226	235	1291	0	0
1578	-392	392	856	1332	0	0
1579	-393	394	124	2425	0	0
1580	-395	772	395	1350	0	0
1581	-400	294	589	1219	0	0
1582	-402	294	396	1248	0	0
1583	-403	397	398	657	0	0
1584	-407	410	583	1606	0	0
1585	-411	793	417	486	0	0
1586	-417	419	944	1658	0	0
1587	-422	88	419	510	0	0
1588	-423	100	420	562	0	0
1589	-425	969	421	1488	0	0
1590	-426	424	537	572	0	0
1591	-428	431	795	1100	0	0
1592	-430	433	36	302	0	0
1593	-431	434	421	837	0	0
1594	-432	434	798	1927	0	0
1595	-433	704	191	1552	0	0
1596	-439	436	416	777	0	0
1597	-440	431	375	62	0	0
1598	-442	148	369	1151	0	0
1599	-443	368	148	1036	0	0
1600	-449	410	363	1859	0	0
1601	-452	227	203	938	0	0
1602	-454	451	1122	270	0	0
1603	-457	453	454	178	0	0
1604	-458	458	1070	83	0	0
1605	-460	459	68	269	0	0
1606	-461	460	789	443	0	0
1607	-467	917	468	350	0	0
1608	-470	461	435	496	0	0
1609	-471	433	821	163	0	0
1610	-474	257	5	436	0	0
1611	-479	481	1020	113	0	0
1612	-484	868	732	1776	0	0
1613	-487	358	328	767	0	0
1614	-492	182	494	203	0	0
1615	-497	934	503	878	0	0
1616	-498	446	323	53	0	0
1617	-500	96	94	333	0	0
1618	-501	509	510	302	0	0
1619	-503	504	386	195	0	0
1620	-514	348	514	278	0	0
1621	-522	516	515	1095	0	0
1622	-532	519	607	927	0	0
1623	-533	521	522	603	0	0
1624	-534	386	506	432	0	0
1625	-539	402	518	956	0	0
1626	-548	368	575	1203	0	0
1627	-551	57	409	377	0	0
1628	-557	527	528	276	0	0
1629	-567	427	1016	402	0	0
1630	-571	366	179	2360	0	0
1631	-576	202	179	1062	0	0
1632	-577	538	9	736	0	0
1633	-578	303	297	966	0	0
1634	-590	338	1148	83	0	0
1635	-598	7	544	296	0	0
1636	-599	544	627	389	0	0
1637	-600	545	897	77	0	0
1638	-606	285	496	2038	0	0
1639	-610	552	612	961	0	0
1640	-611	254	252	105	0	0
1641	-627	521	66	454	0	0
1642	-629	567	1176	175	0	0
1643	-640	36	533	875	0	0
1644	-641	572	912	323	0	0
1645	-643	666	268	1356	0	0
1646	-647	576	577	124	0	0
1647	-653	70	873	839	0	0
1648	-655	580	581	702	0	0
1649	-660	330	449	1376	0	0
1650	-661	293	327	483	0	0
1651	-669	590	634	618	0	0
1652	-670	594	641	266	0	0
1653	-671	1097	384	179	0	0
1654	-674	603	792	1402	0	0
1655	-675	90	555	1635	0	0
1656	-677	610	629	297	0	0
1657	-678	612	629	50	0	0
1658	-681	383	509	385	0	0
1659	-683	1113	353	213	0	0
1660	-689	101	418	1238	0	0
1661	-693	611	629	77	0	0
1662	-694	474	492	1692	0	0
1663	-695	635	794	365	0	0
1664	-701	123	352	795	0	0
1665	-702	543	784	361	0	0
1666	-703	639	197	72	0	0
1667	-710	650	545	129	0	0
1668	-715	30	651	222	0	0
1669	-716	652	653	109	0	0
1670	-717	10	567	246	0	0
1671	-725	665	817	371	0	0
1672	-727	666	987	1123	0	0
1673	-729	669	670	38	0	0
1674	-730	669	670	33	0	0
1675	-734	733	187	1781	0	0
1676	-737	679	677	159	0	0
1677	-739	679	996	361	0	0
1678	-742	682	689	178	0	0
1679	-744	211	651	432	0	0
1680	-745	689	685	197	0	0
1681	-746	312	322	660	0	0
1682	-749	696	840	140	0	0
1683	-751	401	269	71	0	0
1684	-755	705	706	997	0	0
1685	-758	343	706	1626	0	0
1686	-765	707	951	2712	0	0
1687	-767	1108	222	449	0	0
1688	-768	222	708	921	0	0
1689	-770	441	714	103	0	0
1690	-771	719	720	220	0	0
1691	-773	721	720	1513	0	0
1692	-776	956	565	123	0	0
1693	-777	695	688	160	0	0
1694	-785	780	167	2160	0	0
1695	-787	758	34	162	0	0
1696	-788	1037	525	1092	0	0
1697	-789	574	759	489	0	0
1698	-790	60	29	70	0	0
1699	-791	764	750	238	0	0
1700	-792	771	372	51	0	0
1701	-795	776	50	67	0	0
1702	-800	121	174	218	0	0
1703	-802	780	164	458	0	0
1704	-804	1029	424	1270	0	0
1705	-805	424	370	857	0	0
1706	-808	297	370	1005	0	0
1707	-813	538	204	2410	0	0
1708	-815	779	529	1040	0	0
1709	-818	127	215	838	0	0
1710	-825	666	229	1201	0	0
1711	-826	1044	745	358	0	0
1712	-828	782	1006	1244	0	0
1713	-833	786	512	205	0	0
1714	-835	397	396	585	0	0
1715	-837	421	191	364	0	0
1716	-839	789	788	977	0	0
1717	-840	792	790	1322	0	0
1718	-841	792	12	114	0	0
1719	-843	613	628	1263	0	0
1720	-846	375	933	1041	0	0
1721	-847	556	553	475	0	0
1722	-849	634	266	1825	0	0
1723	-853	806	95	280	0	0
1724	-854	195	511	216	0	0
1725	-859	204	810	1311	0	0
1726	-861	947	811	673	0	0
1727	-865	818	772	1677	0	0
1728	-866	637	532	237	0	0
1729	-868	1016	536	179	0	0
1730	-869	38	1021	55	0	0
1731	-870	735	1045	131	0	0
1732	-871	782	423	409	0	0
1733	-873	181	342	297	0	0
1734	-884	733	282	1048	0	0
1735	-888	391	129	2768	0	0
1736	-889	855	117	983	0	0
1737	-890	631	215	1570	0	0
1738	-891	857	283	1981	0	0
1739	-892	1035	168	1056	0	0
1740	-895	392	124	2667	0	0
1741	-898	723	527	3642	0	0
1742	-899	858	957	4793	0	0
1743	-906	873	874	118	0	0
1744	-908	730	875	196	0	0
1745	-914	877	271	669	0	0
1746	-918	879	878	557	0	0
1747	-920	75	72	353	0	0
1748	-922	880	517	1655	0	0
1749	-925	580	70	305	0	0
1750	-926	889	277	1869	0	0
1751	-930	885	277	1169	0	0
1752	-938	64	884	2742	0	0
1753	-940	63	891	348	0	0
1754	-945	892	466	1188	0	0
1755	-946	893	867	1144	0	0
1756	-953	880	402	1512	0	0
1757	-957	871	901	372	0	0
1758	-960	521	885	682	0	0
1759	-963	890	887	118	0	0
1760	-967	898	899	419	0	0
1761	-969	1058	188	232	0	0
1762	-971	70	440	491	0	0
1763	-975	442	439	262	0	0
1764	-978	909	872	2966	0	0
1765	-980	889	278	1722	0	0
1766	-985	1069	585	1904	0	0
1767	-990	1053	299	3633	0	0
1768	-991	910	453	160	0	0
1769	-1003	911	914	218	0	0
1770	-1005	333	614	6290	0	0
1771	-1006	516	408	2544	0	0
1772	-1013	795	417	654	0	0
1773	-1016	906	333	1290	0	0
1774	-1017	916	731	133	0	0
1775	-1027	925	195	379	0	0
1776	-1032	99	591	159	0	0
1777	-1045	649	512	839	0	0
1778	-1049	607	795	540	0	0
1779	-1052	635	99	2205	0	0
1780	-1056	937	98	581	0	0
1781	-1061	791	794	754	0	0
1782	-1065	515	607	1828	0	0
1783	-1067	371	92	1014	0	0
1784	-1068	398	812	661	0	0
1785	-1070	917	923	3479	0	0
1786	-1074	11	32	2191	0	0
1787	-1081	943	12	790	0	0
1788	-1082	667	1125	124	0	0
1789	-1091	115	131	150	0	0
1790	-1092	787	704	918	0	0
1791	-1096	958	959	131	0	0
1792	-1097	895	894	1115	0	0
1793	-1101	968	76	877	0	0
1794	-1103	333	965	347	0	0
1795	-1104	195	96	341	0	0
1796	-1105	366	365	100	0	0
1797	-1108	972	406	196	0	0
1798	-1109	196	200	322	0	0
1799	-1110	936	348	50	0	0
1800	-1111	169	999	7006	0	0
1801	-1116	73	650	310	0	0
1802	-1117	674	377	325	0	0
1803	-1118	799	586	2179	0	0
1804	-1120	237	708	451	0	0
1805	-1122	635	556	3415	0	0
1806	-1125	176	812	1814	0	0
1807	-1127	984	983	824	0	0
1808	-1130	99	261	2355	0	0
1809	-1131	267	1119	396	0	0
1810	-1133	985	83	165	0	0
1811	-1135	786	374	907	0	0
1812	-1139	269	985	169	0	0
1813	-1143	958	1037	243	0	0
1814	-1144	957	684	98	0	0
1815	-1145	1001	659	442	0	0
1816	-1146	26	532	244	0	0
1817	-1147	956	760	245	0	0
1818	-1148	956	662	453	0	0
1819	-1149	998	760	139	0	0
1820	-1153	833	851	194	0	0
1821	-1154	539	918	1093	0	0
1822	-1155	171	487	62	0	0
1823	-1157	539	409	2482	0	0
1824	-1158	992	865	77	0	0
1825	-1159	1040	827	545	0	0
1826	-1162	149	531	231	0	0
1827	-1165	833	1003	449	0	0
1828	-1166	106	57	837	0	0
1829	-1167	1006	781	1749	0	0
1830	-1180	782	161	1419	0	0
1831	-1181	1011	173	1107	0	0
1832	-1182	1011	175	1058	0	0
1833	-1183	165	744	99	0	0
1834	-1184	1014	780	91	0	0
1835	-1185	53	658	107	0	0
1836	-1186	958	680	58	0	0
1837	-1187	959	1168	86	0	0
1838	-1189	759	845	609	0	0
1839	-1190	548	540	2338	0	0
1840	-1192	1040	784	273	0	0
1841	-1193	161	162	489	0	0
1842	-1197	201	474	1367	0	0
1843	-1198	475	477	106	0	0
1844	-1199	370	575	738	0	0
1845	-1200	372	735	344	0	0
1846	-1201	631	533	1599	0	0
1847	-1203	201	58	355	0	0
1848	-1206	201	998	793	0	0
1849	-1208	1000	569	226	0	0
1850	-1210	1039	275	4980	0	0
1851	-1214	284	858	426	0	0
1852	-1215	1039	575	211	0	0
1853	-1216	695	571	148	0	0
1854	-1217	149	665	790	0	0
1855	-1218	1009	676	1203	0	0
1856	-1220	163	118	2985	0	0
1857	-1223	529	120	1659	0	0
1858	-1224	528	1006	2881	0	0
1859	-1225	1008	1007	280	0	0
1860	-1226	778	676	475	0	0
1861	-1227	409	1000	2644	0	0
1862	-1229	935	1090	79	0	0
1863	-1231	125	540	1526	0	0
1864	-1232	1034	175	1392	0	0
1865	-1233	1012	1009	1648	0	0
1866	-1234	432	778	1461	0	0
1867	-1236	851	539	2804	0	0
1868	-1237	294	203	1335	0	0
1869	-1238	124	123	444	0	0
1870	-1239	88	93	58	0	0
1871	-1246	931	649	780	0	0
1872	-1251	69	873	428	0	0
1873	-1252	874	87	119	0	0
1874	-1253	882	1051	102	0	0
1875	-1254	82	83	20	0	0
1876	-1256	183	181	406	0	0
1877	-1259	300	1054	3132	0	0
1878	-1262	713	288	2466	0	0
1879	-1263	523	459	854	0	0
1880	-1264	1056	1057	135	0	0
1881	-1266	1058	1059	73	0	0
1882	-1268	876	1057	177	0	0
1883	-1270	731	69	414	0	0
1884	-1271	71	714	120	0	0
1885	-1272	71	1073	208	0	0
1886	-1274	202	1134	1759	0	0
1887	-1277	1069	324	2175	0	0
1888	-1280	1068	1055	258	0	0
1889	-1282	453	68	1918	0	0
1890	-1285	573	914	734	0	0
1891	-1287	914	878	733	0	0
1892	-1288	1076	1060	106	0	0
1893	-1289	1058	985	122	0	0
1894	-1291	278	885	217	0	0
1895	-1293	911	523	884	0	0
1896	-1297	794	934	857	0	0
1897	-1299	624	32	2150	0	0
1898	-1300	906	894	2632	0	0
1899	-1301	277	74	1039	0	0
1900	-1302	86	899	2200	0	0
1901	-1303	271	580	771	0	0
1902	-1304	517	519	1468	0	0
1903	-1305	900	872	264	0	0
1904	-1308	67	867	4359	0	0
1905	-1309	867	216	2708	0	0
1906	-1310	516	518	1032	0	0
1907	-1312	975	1091	204	0	0
1908	-1314	518	517	1055	0	0
1909	-1315	1085	189	70	0	0
1910	-1317	982	977	146	0	0
1911	-1318	1086	934	730	0	0
1912	-1321	619	1086	398	0	0
1913	-1323	385	1089	557	0	0
1914	-1328	616	1089	695	0	0
1915	-1329	1087	1091	236	0	0
1916	-1331	586	928	3182	0	0
1917	-1332	605	984	725	0	0
1918	-1334	791	984	365	0	0
1919	-1335	927	556	4806	0	0
1920	-1341	1093	623	181	0	0
1921	-1343	1085	622	330	0	0
1922	-1344	1085	194	493	0	0
1923	-1346	93	969	176	0	0
1924	-1348	1099	1101	586	0	0
1925	-1351	1084	642	508	0	0
1926	-1352	1102	510	269	0	0
1927	-1354	917	1093	765	0	0
1928	-1355	1102	622	702	0	0
1929	-1358	623	97	383	0	0
1930	-1359	514	1083	3362	0	0
1931	-1360	193	98	98	0	0
1932	-1361	1101	616	381	0	0
1933	-1362	603	816	1408	0	0
1934	-1364	922	336	2706	0	0
1935	-1366	925	919	6822	0	0
1936	-1367	396	941	1465	0	0
1937	-1368	396	588	1545	0	0
1938	-1369	788	587	1177	0	0
1939	-1370	553	634	2354	0	0
1940	-1371	929	786	150	0	0
1941	-1372	498	931	2014	0	0
1942	-1373	816	1090	284	0	0
1943	-1377	312	701	431	0	0
1944	-1378	344	707	211	0	0
1945	-1379	160	292	92	0	0
1946	-1381	236	1108	1130	0	0
1947	-1383	217	451	564	0	0
1948	-1385	151	1125	71	0	0
1949	-1386	239	1126	343	0	0
1950	-1387	721	325	996	0	0
1951	-1388	1138	364	822	0	0
1952	-1389	355	358	742	0	0
1953	-1390	301	261	279	0	0
1954	-1391	262	264	117	0	0
1955	-1392	261	1130	198	0	0
1956	-1394	707	706	1400	0	0
1957	-1396	289	290	110	0	0
1958	-1398	363	1112	497	0	0
1959	-1400	1134	366	988	0	0
1960	-1402	324	329	1874	0	0
1961	-1406	1055	290	2196	0	0
1962	-1408	247	359	1427	0	0
1963	-1410	235	316	1196	0	0
1964	-1411	359	317	1335	0	0
1965	-1413	1136	773	203	0	0
1966	-1414	294	228	1107	0	0
1967	-1416	988	316	350	0	0
1968	-1420	583	329	2286	0	0
1969	-1422	287	160	969	0	0
1970	-1423	265	628	3167	0	0
1971	-1424	705	408	2105	0	0
1972	-1425	1140	611	1048	0	0
1973	-1427	326	720	1789	0	0
1974	-1429	315	233	898	0	0
1975	-1430	317	315	271	0	0
1976	-1431	358	357	1330	0	0
1977	-1432	1108	291	1104	0	0
1978	-1433	773	393	2064	0	0
1979	-1437	284	380	779	0	0
1980	-1438	753	1156	111	0	0
1981	-1439	651	661	310	0	0
1982	-1440	858	282	456	0	0
1983	-1442	844	17	4595	0	0
1984	-1443	532	475	52	0	0
1985	-1446	846	957	286	0	0
1986	-1450	689	822	617	0	0
1987	-1451	186	854	765	0	0
1988	-1452	1170	213	308	0	0
1989	-1453	853	214	758	0	0
1990	-1454	268	525	828	0	0
1991	-1455	1166	1174	133	0	0
1992	-1456	775	665	850	0	0
1993	-1460	736	563	678	0	0
1994	-1461	831	544	162	0	0
1995	-1476	1190	1432	568	0	0
1996	-1477	1191	1197	1290	0	0
1997	-1481	1194	1195	448	0	0
1998	-1482	1198	1544	117	0	0
1999	-1485	1353	1211	699	0	0
2000	-1487	1226	1227	64	0	0
2001	-1488	1228	1601	90	0	0
2002	-1490	1229	1437	602	0	0
2003	-1500	1282	1682	1383	0	0
2004	-1501	1245	1422	162	0	0
2005	-1502	1248	1258	1647	0	0
2006	-1511	1257	1261	145	0	0
2007	-1514	1535	1482	138	0	0
2008	-1515	1267	1644	116	0	0
2009	-1516	1268	1189	125	0	0
2010	-1522	1283	1284	358	0	0
2011	-1523	1284	1282	881	0	0
2012	-1524	1283	1592	725	0	0
2013	-1525	1285	1190	658	0	0
2014	-1526	1197	1298	206	0	0
2015	-1527	1218	1430	51	0	0
2016	-1528	1304	1558	1273	0	0
2017	-1529	1313	1258	1086	0	0
2018	-1531	1315	1373	462	0	0
2019	-1532	1314	1624	367	0	0
2020	-1533	1316	1513	744	0	0
2021	-1537	1294	1623	834	0	0
2022	-1538	1336	1463	2169	0	0
2023	-1539	1340	1662	142	0	0
2024	-1540	1351	1206	93	0	0
2025	-1541	1352	1533	200	0	0
2026	-1543	1361	1643	214	0	0
2027	-1544	1365	1707	263	0	0
2028	-1548	1374	1624	655	0	0
2029	-1549	1376	1251	520	0	0
2030	-1553	1379	1703	104	0	0
2031	-1554	1380	1436	596	0	0
2032	-1555	1251	1561	476	0	0
2033	-1562	1387	1507	143	0	0
2034	-1565	1396	1235	1207	0	0
2035	-1566	1396	1388	853	0	0
2036	-1567	1398	1600	879	0	0
2037	-1568	1398	1445	815	0	0
2038	-1569	1399	1413	1021	0	0
2039	-1572	1408	1409	801	0	0
2040	-1584	1399	1490	911	0	0
2041	-1587	1416	1681	119	0	0
2042	-1591	1419	1420	86	0	0
2043	-1599	1425	1565	162	0	0
2044	-1601	1431	1541	196	0	0
2045	-1602	1432	1431	77	0	0
2046	-1604	1370	1205	101	0	0
2047	-1606	1250	1251	315	0	0
2048	-1607	1182	1257	225	0	0
2049	-1609	1503	1435	964	0	0
2050	-1610	1197	1647	1234	0	0
2051	-1615	1438	1226	130	0	0
2052	-1617	1442	1401	374	0	0
2053	-1619	1512	1429	366	0	0
2054	-1620	1444	1457	997	0	0
2055	-1625	1447	1599	360	0	0
2056	-1626	1565	1446	651	0	0
2057	-1627	1449	1398	1321	0	0
2058	-1633	1462	1476	129	0	0
2059	-1634	1463	1562	333	0	0
2060	-1637	1287	1636	211	0	0
2061	-1638	1475	1529	257	0	0
2062	-1639	1483	1617	574	0	0
2063	-1645	1488	1495	94	0	0
2064	-1648	1620	1402	506	0	0
2065	-1650	1490	1491	71	0	0
2066	-1652	1404	1340	1867	0	0
2067	-1654	1489	1403	1710	0	0
2068	-1660	1282	1415	1508	0	0
2069	-1662	1497	1273	178	0	0
2070	-1664	1272	1630	1643	0	0
2071	-1665	1271	1420	1645	0	0
2072	-1674	1298	1483	1473	0	0
2073	-1676	1358	1502	939	0	0
2074	-1684	1509	1563	324	0	0
2075	-1685	1429	1446	524	0	0
2076	-1687	1412	1191	687	0	0
2077	-1689	1516	1191	649	0	0
2078	-1691	1517	1410	1584	0	0
2079	-1693	1518	1519	1826	0	0
2080	-1697	1520	1517	1221	0	0
2081	-1700	1522	1523	531	0	0
2082	-1702	1503	1523	1980	0	0
2083	-1707	1436	1596	1943	0	0
2084	-1710	1414	1392	1034	0	0
2085	-1712	1582	1616	998	0	0
2086	-1719	1593	1566	2747	0	0
2087	-1721	1357	1594	1040	0	0
2088	-1725	1554	1534	1451	0	0
2089	-1727	1471	1634	165	0	0
2090	-1728	1516	1549	547	0	0
2091	-1729	1243	1634	77	0	0
2092	-1733	1533	1547	413	0	0
2093	-1734	1549	1328	254	0	0
2094	-1736	1569	1492	138	0	0
2095	-1739	1555	1368	648	0	0
2096	-1740	1339	1340	151	0	0
2097	-1741	1335	1324	342	0	0
2098	-1749	1432	1540	605	0	0
2099	-1751	1356	1452	535	0	0
2100	-1752	1190	1463	559	0	0
2101	-1756	1565	1455	61	0	0
2102	-1759	1566	1657	680	0	0
2103	-1767	1569	1570	75	0	0
2104	-1769	1574	1259	196	0	0
2105	-1772	1260	1665	78	0	0
2106	-1773	1195	1578	1642	0	0
2107	-1775	1573	1577	1184	0	0
2108	-1776	1579	1623	792	0	0
2109	-1777	1580	1582	339	0	0
2110	-1780	1273	1235	85	0	0
2111	-1786	1447	1231	231	0	0
2112	-1787	1259	1234	1773	0	0
2113	-1788	1575	1593	1108	0	0
2114	-1789	1607	1606	290	0	0
2115	-1790	1414	1615	540	0	0
2116	-1792	1453	1608	271	0	0
2117	-1795	1612	1413	1217	0	0
2118	-1811	1410	1526	530	0	0
2119	-1812	1526	1621	1318	0	0
2120	-1813	1520	1641	499	0	0
2121	-1814	1622	1441	171	0	0
2122	-1815	1622	1494	104	0	0
2123	-1816	1496	1577	712	0	0
2124	-1818	1375	1373	865	0	0
2125	-1820	1543	1631	248	0	0
2126	-1823	1604	1641	1421	0	0
2127	-1824	1209	1638	261	0	0
2128	-1825	1267	1639	309	0	0
2129	-1826	1539	1729	72	0	0
2130	-1828	352	1544	1526	0	0
2131	-1830	1617	1435	629	0	0
2132	-1831	1196	1647	128	0	0
2133	-1832	1575	1578	2845	0	0
2134	-1834	1580	1651	548	0	0
2135	-1836	1419	1416	1818	0	0
2136	-1841	1554	1450	2429	0	0
2137	-1843	1488	1384	2085	0	0
2138	-1844	1654	1655	264	0	0
2139	-1845	1655	1687	1769	0	0
2140	-1847	1534	1610	1984	0	0
2141	-1848	1657	1357	756	0	0
2142	-1849	1557	1594	1175	0	0
2143	-1851	1313	1248	866	0	0
2144	-1852	1430	1183	385	0	0
2145	-1853	1283	1415	1787	0	0
2146	-1859	1211	1329	255	0	0
2147	-1860	1371	1626	458	0	0
2148	-1861	1405	1247	1360	0	0
2149	-1863	1497	1451	178	0	0
2150	-1870	1332	1534	684	0	0
2151	-1871	1556	1385	1198	0	0
2152	-1875	1443	1566	908	0	0
2153	-1876	1451	1273	163	0	0
2154	-1877	1283	1356	577	0	0
2155	-1880	1593	1591	1738	0	0
2156	-1881	1616	1449	1459	0	0
2157	-1882	1441	1400	339	0	0
2158	-1884	1613	1614	2283	0	0
2159	-1885	1274	1576	304	0	0
2160	-1886	1478	1281	244	0	0
2161	-1888	1620	1586	1582	0	0
2162	-1889	1579	1619	2924	0	0
2163	-1893	1624	1484	1698	0	0
2164	-1894	1256	1433	302	0	0
2165	-1896	1467	1335	340	0	0
2166	-1897	1394	1595	1371	0	0
2167	-1900	1676	1405	891	0	0
2168	-1902	1194	1576	955	0	0
2169	-1903	1610	1657	1674	0	0
2170	-1904	1417	1245	1082	0	0
2171	-1906	1418	1618	1346	0	0
2172	-1907	1582	1583	439	0	0
2173	-1908	1199	1596	189	0	0
2174	-1909	1655	1356	986	0	0
2175	-1913	1556	1559	1955	0	0
2176	-1915	1682	1557	438	0	0
2177	-1916	1569	1575	3124	0	0
2178	-1918	1224	1295	1018	0	0
2179	-1924	1519	1683	1915	0	0
2180	-1927	1195	1632	3646	0	0
2181	-1933	1540	1515	447	0	0
2182	-1940	1692	1486	611	0	0
2183	-1944	1394	1486	5162	0	0
2184	-1951	1549	1539	613	0	0
2185	-1953	1695	1418	2298	0	0
2186	-1954	1317	1701	1038	0	0
2187	-1955	1701	1702	76	0	0
2188	-1959	1699	1702	269	0	0
2189	-1975	1459	1417	1621	0	0
2190	-1981	1417	1699	821	0	0
2191	-1982	1633	1683	963	0	0
2192	-1983	1305	1240	399	0	0
2193	-1985	1314	1304	1284	0	0
2194	-1988	1379	1408	2567	0	0
2195	-1989	1531	1667	137	0	0
2196	-1991	1232	1643	80	0	0
2197	-1992	1251	1252	449	0	0
2198	-1996	1420	1484	188	0	0
2199	-1997	1540	1604	68	0	0
2200	-1999	1386	1689	334	0	0
2201	-2000	1481	1471	184	0	0
2202	-2001	1732	1562	582	0	0
2203	-2002	1619	1454	1925	0	0
2204	-2004	1236	1684	748	0	0
2205	-2005	1462	1643	263	0	0
2206	-2007	1627	1408	261	0	0
2207	-2008	1627	1629	419	0	0
2208	-2010	1725	1533	126	0	0
2209	-2011	1316	1196	1365	0	0
2210	-2013	1380	1528	793	0	0
2211	-2014	1683	1336	1009	0	0
2212	-2015	1598	1226	131	0	0
2213	-2016	1439	1599	298	0	0
2214	-2017	1459	1418	2016	0	0
2215	-2019	1731	1459	2035	0	0
2216	-2020	1377	1318	38	0	0
2217	-2021	1658	1504	1049	0	0
2218	-2022	1587	1315	168	0	0
2219	-2023	1477	1539	115	0	0
2220	-2024	1542	1707	531	0	0
2221	-2025	1483	1353	528	0	0
2222	-2026	1328	1211	374	0	0
2223	-2028	425	170	8127	0	0
2224	-2030	499	501	317	0	0
2225	-2032	1570	1454	538	0	0
END
-----------------------------------------
InputUsedToGenerateTheGraph:
County:	SkanderborgOdder
CenterNodeId:	0
Radius:	1000000
HouseTypes:	Apartment
NumberOfWasteFractions: 1
IntervalsForWasteFraction:	paper	28.0	56.0
-----------------------------------------


