ProblemType:	CARP
NumberNodes:	2773
NumberEdges:	3472
DepotNodeNumber:	228
NumberOfFractions:	1
NumberOfIntervalsForFraction	General_Glass_Metal_Plastic_Organic	1	14
GRAPH
EdgeNumber	EdgeId	StartNodeNumber	EndNodeNumber	Cost	Demand_0	Bins_0
START
0	10	2	3	67	0	0
1	11	3	4	44	0	0
2	12	5	6	95	0	0
3	13	6	7	42	0	0
4	14	8	9	141	0	0
5	16	5	10	17	0	0
6	18	11	12	13	0	0
7	21	13	14	515	1522	3
8	22	15	16	1567	0	0
9	46	22	23	296	0	0
10	48	24	25	595	0	0
11	49	24	22	13	0	0
12	52	22	26	424	0	0
13	53	27	28	202	0	0
14	57	29	30	30	0	0
15	64	31	32	110	1122	1
16	67	33	34	291	8256	17
17	68	34	35	63	1122	1
18	69	36	37	284	0	0
19	71	38	39	24	0	0
20	76	40	41	142	2618	2
21	79	42	43	117	162	1
22	81	44	45	255	0	0
23	82	45	46	497	0	0
24	92	48	49	55	0	0
25	93	48	50	130	0	0
26	94	51	50	18	0	0
27	95	52	53	367	0	0
28	96	51	52	12	0	0
29	99	54	55	38	162	1
30	105	56	57	166	8092	6
31	111	58	59	68	0	0
32	122	60	61	25	2244	2
33	127	62	63	38	5610	5
34	132	64	65	23	0	0
35	138	68	69	46	0	0
36	141	70	71	36	0	0
37	144	71	72	28	6732	6
38	146	73	74	126	12344	5
39	147	74	75	61	0	0
40	149	76	77	11	408	2
41	150	77	78	103	561	1
42	151	79	80	1363	0	0
43	163	81	82	81	655	1
44	168	83	84	129	1360	2
45	169	84	85	47	0	0
46	179	86	87	12	188	1
47	191	91	92	71	0	0
48	192	92	93	79	1310	1
49	194	94	95	301	0	0
50	195	96	97	28	0	0
51	198	98	99	15	0	0
52	210	102	103	185	0	0
53	213	105	106	22	0	0
54	214	106	107	91	0	0
55	216	108	109	403	3928	3
56	225	111	112	64	0	0
57	231	116	117	260	3298	3
58	232	117	118	209	0	0
59	235	120	121	77	2618	2
60	236	121	122	85	0	0
61	237	123	120	19	0	0
62	238	124	123	61	1310	1
63	239	125	124	39	2618	2
64	240	125	126	69	1310	1
65	242	127	128	16	188	1
66	244	129	130	50	0	0
67	245	131	132	4	0	0
68	250	134	135	14	0	0
69	252	136	134	52	0	0
70	260	138	139	17	0	0
71	261	138	140	26	2244	2
72	273	141	142	55	0	0
73	279	143	144	116	0	0
74	285	146	147	280	0	0
75	286	148	144	86	0	0
76	287	144	147	161	0	0
77	322	153	154	42	0	0
78	326	155	156	28	0	0
79	328	157	158	66	0	0
80	332	159	160	298	0	0
81	333	161	162	145	0	0
82	334	163	164	426	0	0
83	346	165	166	151	0	0
84	347	167	151	63	8016	7
85	350	168	169	98	0	0
86	351	168	170	57	0	0
87	356	171	172	93	0	0
88	360	175	176	16	0	0
89	365	174	177	73	0	0
90	367	178	173	706	655	1
91	381	175	171	77	0	0
92	436	180	181	536	680	2
93	453	184	185	30	2244	2
94	468	186	187	109	5610	5
95	480	189	190	44	0	0
96	485	192	193	339	0	0
97	495	187	195	8	2244	2
98	503	196	197	19	0	0
99	504	197	198	160	0	0
100	505	198	199	1121	0	0
101	512	200	201	48	0	0
102	514	203	204	503	0	0
103	515	199	205	111	0	0
104	523	206	207	84	0	0
105	533	204	198	890	0	0
106	538	208	205	259	0	0
107	544	209	210	108	0	0
108	545	206	211	121	0	0
109	551	214	215	345	0	0
110	555	214	216	434	0	0
111	566	220	221	594	0	0
112	571	224	225	679	0	0
113	572	226	219	650	0	0
114	573	226	224	76	0	0
115	575	220	222	111	0	0
116	589	7	229	58	0	0
117	595	230	231	19	162	1
118	597	232	233	65	0	0
119	607	234	189	42	2244	2
120	612	8	235	17	0	0
121	613	7	236	96	0	0
122	615	237	238	54	7854	6
123	617	239	240	55	0	0
124	619	241	239	43	561	1
125	620	242	243	40	0	0
126	621	243	244	77	162	1
127	641	249	250	35	0	0
128	646	251	252	263	0	0
129	654	255	256	518	0	0
130	663	232	258	64	0	0
131	678	259	260	64	0	0
132	679	261	262	32	2244	2
133	681	263	4	108	13464	6
134	682	264	265	41	0	0
135	684	266	267	153	6239	7
136	685	267	182	35	0	0
137	686	186	268	89	162	1
138	701	269	270	110	0	0
139	705	272	200	858	0	0
140	706	273	274	26	0	0
141	712	275	276	123	561	1
142	717	277	278	78	561	1
143	729	212	281	981	0	0
144	730	282	283	478	0	0
145	732	213	284	523	0	0
146	736	257	287	42	0	0
147	737	287	288	46	2618	2
148	745	291	292	180	323	2
149	747	293	294	123	0	0
150	748	294	291	817	0	0
151	751	295	296	168	1309	2
152	757	297	298	142	0	0
153	758	298	299	122	0	0
154	759	300	15	401	0	0
155	764	301	302	38	2244	2
156	765	303	304	59	0	0
157	766	304	305	69	0	0
158	767	306	307	286	0	0
159	778	309	310	177	0	0
160	790	312	313	131	0	0
161	791	314	315	190	1965	2
162	792	316	317	849	0	0
163	794	318	319	289	0	0
164	796	320	321	83	0	0
165	803	322	323	108	0	0
166	820	326	327	83	162	1
167	821	328	329	61	2618	2
168	822	329	330	126	0	0
169	829	324	333	232	1122	1
170	832	299	334	115	0	0
171	841	337	338	115	0	0
172	843	339	318	114	0	0
173	849	340	341	60	850	5
174	855	342	343	90	408	2
175	856	344	312	587	0	0
176	857	345	346	90	0	0
177	858	346	347	14	0	0
178	859	347	37	187	0	0
179	860	347	348	90	0	0
180	861	346	37	188	0	0
181	863	349	350	15	0	0
182	864	350	351	116	0	0
183	877	354	355	56	0	0
184	878	356	357	114	3366	3
185	914	359	361	130	0	0
186	916	172	362	171	3366	3
187	929	176	364	51	408	2
188	932	177	365	59	0	0
189	933	365	366	80	0	0
190	934	366	367	100	655	1
191	935	363	177	110	1310	1
192	936	171	363	48	0	0
193	945	368	369	87	366	2
194	955	370	371	304	0	0
195	967	372	373	371	0	0
196	972	374	375	53	0	0
197	974	376	377	177	0	0
198	975	378	263	120	1795	4
199	978	355	379	60	0	0
200	979	379	251	60	0	0
201	980	252	380	49	0	0
202	981	380	268	97	2244	1
203	999	2	382	39	655	1
204	1006	233	383	31	323	2
205	1007	355	258	60	0	0
206	1022	2	266	16	561	1
207	1023	385	386	958	7854	7
208	1025	388	389	142	0	0
209	1027	390	391	240	0	0
210	1028	392	393	220	0	0
211	1029	394	392	335	0	0
212	1030	394	390	201	0	0
213	1032	395	396	81	0	0
214	1033	396	393	78	655	1
215	1034	396	397	143	162	1
216	1037	399	400	1412	0	0
217	1041	402	403	182	0	0
218	1043	266	405	36	4488	4
219	1044	406	407	87	0	0
220	1049	409	410	85	0	0
221	1051	411	412	107	0	0
222	1088	415	416	499	0	0
223	1089	416	192	177	0	0
224	1094	418	419	59	1122	1
225	1097	417	420	37	0	0
226	1098	420	421	77	2244	2
227	1099	421	192	39	0	0
228	1100	422	423	28	970	3
229	1146	428	429	84	0	0
230	1149	430	431	488	0	0
231	1154	30	432	194	5891	3
232	1156	433	434	75	0	0
233	1157	434	435	101	0	0
234	1160	436	437	10	0	0
235	1166	438	439	143	0	0
236	1170	441	442	14	0	0
237	1177	444	445	56	3366	3
238	1178	446	136	118	2618	2
239	1182	448	449	504	0	0
240	1183	338	23	164	0	0
241	1184	450	23	504	0	0
242	1185	23	448	13	0	0
243	1186	448	24	297	0	0
244	1190	452	453	139	1777	2
245	1194	454	455	56	0	0
246	1198	456	457	22	0	0
247	1246	416	190	147	0	0
248	1247	250	461	69	7298	56
249	1283	463	464	104	0	0
250	1285	465	466	1296	0	0
251	1290	467	269	59	0	0
252	1291	466	468	27	0	0
253	1324	244	471	19	162	1
254	1328	240	472	48	1003	3
255	1351	476	399	152	0	0
256	1352	477	399	110	0	0
257	1353	403	478	291	0	0
258	1357	431	479	320	0	0
259	1368	481	482	59	485	3
260	1370	483	484	541	0	0
261	1380	486	487	54	680	1
262	1389	252	488	60	0	0
263	1390	488	263	94	1216	2
264	1392	489	490	46	0	0
265	1394	491	492	161	3366	3
266	1395	493	375	400	655	1
267	1411	230	258	41	0	0
268	1412	233	251	42	0	0
269	1418	482	236	39	3928	3
270	1420	490	494	45	162	1
271	1430	496	356	87	655	1
272	1434	232	379	50	0	0
273	1443	497	498	375	0	0
274	1444	372	374	476	0	0
275	1445	374	499	150	0	0
276	1446	268	376	25	0	0
277	1447	489	491	115	561	1
278	1448	500	501	240	0	0
279	1449	497	502	121	0	0
280	1455	504	503	17	561	1
281	1457	357	505	50	1122	1
282	1458	505	506	163	655	1
283	1462	492	507	135	0	0
284	1465	508	506	47	1802	2
285	1466	506	507	51	0	0
286	1473	509	510	136	0	0
287	1474	511	512	143	0	0
288	1478	513	401	40	0	0
289	1481	478	514	276	0	0
290	1482	514	254	66	0	0
291	1483	401	403	88	0	0
292	1484	515	516	167	0	0
293	1485	516	478	31	0	0
294	1486	389	517	169	0	0
295	1492	518	400	339	408	2
296	1497	398	519	237	0	0
297	1498	520	521	34	0	0
298	1499	521	476	28	0	0
299	1500	477	521	230	0	0
300	1502	520	522	343	0	0
301	1513	523	524	61	561	1
302	1514	524	525	53	0	0
303	1515	526	527	101	0	0
304	1534	169	530	50	655	1
305	1558	535	536	27	0	0
306	1559	536	537	22	0	0
307	1563	538	539	268	0	0
308	1568	542	543	40	1122	1
309	1573	305	545	149	0	0
310	1576	546	467	722	0	0
311	1577	547	361	161	0	0
312	1579	547	359	75	0	0
313	1587	551	552	250	655	1
314	1596	553	554	34	655	1
315	1602	285	282	249	0	0
316	1605	557	558	67	1122	1
317	1611	559	560	333	0	0
318	1617	561	562	106	0	0
319	1622	522	477	90	0	0
320	1624	519	564	828	162	1
321	1628	566	567	559	0	0
322	1629	568	569	135	502	2
323	1630	569	570	52	0	0
324	1633	571	116	342	0	0
325	1635	118	572	275	0	0
326	1636	572	526	287	561	1
327	1638	567	573	93	0	0
328	1639	574	413	18	0	0
329	1640	413	518	399	0	0
330	1649	415	576	129	655	1
331	1650	475	577	70	2618	2
332	1651	410	578	227	0	0
333	1659	579	580	1044	0	0
334	1662	581	544	65	0	0
335	1663	581	582	309	0	0
336	1666	583	584	126	0	0
337	1667	584	585	44	0	0
338	1668	586	587	165	0	0
339	1669	587	485	54	0	0
340	1671	586	588	35	0	0
341	1674	544	589	60	0	0
342	1681	584	587	78	0	0
343	1682	565	502	148	0	0
344	1685	474	591	151	0	0
345	1686	591	590	578	0	0
346	1688	585	485	74	0	0
347	1691	585	248	24	0	0
348	1692	483	592	793	0	0
349	1696	589	581	55	0	0
350	1705	376	496	101	3928	3
351	1706	496	357	143	2244	2
352	1710	596	141	113	0	0
353	1725	598	599	147	0	0
354	1726	598	600	223	0	0
355	1727	601	600	27	0	0
356	1731	543	602	37	0	0
357	1742	210	603	174	2618	2
358	1755	606	607	320	655	1
359	1774	609	610	44	561	1
360	1775	610	611	31	0	0
361	1776	611	612	91	2432	2
362	1778	613	614	58	1122	1
363	1780	615	616	83	1122	2
364	1782	617	618	68	0	0
365	1784	618	619	39	5984	5
366	1785	619	620	13	1310	1
367	1786	621	620	53	0	0
368	1788	621	622	168	0	0
369	1800	624	625	171	655	1
370	1801	625	626	132	476	4
371	1819	627	628	7	0	0
372	1820	537	627	36	0	0
373	1824	629	630	500	4760	7
374	1825	630	176	88	0	0
375	1832	631	632	42	0	0
376	1859	559	633	148	1310	1
377	1864	637	638	252	0	0
378	1865	638	636	981	0	0
379	1887	282	212	25	0	0
380	1911	642	643	443	561	1
381	1912	643	644	214	0	0
382	1913	645	646	25	1310	1
383	1927	648	649	59	7854	6
384	1930	650	651	549	2244	2
385	1932	652	653	633	0	0
386	1933	442	654	85	6862	11
387	1943	656	657	19	3366	3
388	1944	658	659	166	0	0
389	1950	661	662	58	0	0
390	1986	348	344	222	0	0
391	1987	666	667	15	0	0
392	1988	345	348	15	0	0
393	1989	668	669	31	0	0
394	1990	52	670	236	0	0
395	1994	671	672	398	502	2
396	2025	434	675	99	366	2
397	2028	676	677	392	3740	3
398	2035	51	48	129	0	0
399	2057	682	683	379	0	0
400	2062	684	685	445	502	2
401	2070	197	686	434	2618	2
402	2076	687	688	28	0	0
403	2080	689	690	535	0	0
404	2082	691	22	572	0	0
405	2084	692	24	424	0	0
406	2085	448	338	163	0	0
407	2086	26	692	13	0	0
408	2088	693	26	564	0	0
409	2089	694	692	557	0	0
410	2114	695	696	101	162	1
411	2125	437	697	9	0	0
412	2140	699	700	276	0	0
413	2151	701	702	73	366	2
414	2162	317	704	150	680	2
415	2179	344	667	222	0	0
416	2232	693	12	198	0	0
417	2240	11	694	196	0	0
418	2246	710	711	336	0	0
419	2253	349	666	176	0	0
420	2254	666	345	13	0	0
421	2255	348	667	12	0	0
422	2256	667	350	177	0	0
423	2257	713	714	494	0	0
424	2274	716	717	67	2618	4
425	2275	570	718	42	0	0
426	2276	718	716	85	0	0
427	2277	717	718	18	0	0
428	2279	719	720	8	0	0
429	2280	721	719	9	0	0
430	2285	508	722	61	1310	1
431	2286	723	489	313	3366	3
432	2287	491	724	52	1309	2
433	2288	724	725	71	1386	5
434	2295	726	727	141	561	1
435	2300	500	728	191	0	0
436	2303	730	589	470	162	1
437	2304	731	664	209	0	0
438	2305	664	730	67	0	0
439	2308	356	4	78	0	0
440	2328	732	246	151	0	0
441	2332	733	5	347	0	0
442	2347	736	737	32	2244	2
443	2349	735	736	43	0	0
444	2353	739	740	21	0	0
445	2354	740	96	24	561	1
446	2357	741	742	246	0	0
447	2358	679	642	468	0	0
448	2361	744	743	57	1632	4
449	2385	706	745	125	0	0
450	2386	745	666	430	0	0
451	2403	746	747	59	0	0
452	2411	748	749	33	4862	4
453	2425	750	751	81	655	1
454	2465	747	753	54	0	0
455	2466	753	754	36	1122	1
456	2467	119	755	627	1122	1
457	2470	756	500	586	0	0
458	2478	757	758	509	0	0
459	2485	759	760	36	0	0
460	2507	715	761	30	655	1
461	2510	745	762	13	0	0
462	2511	762	345	426	0	0
463	2512	762	706	126	0	0
464	2513	762	763	136	0	0
465	2519	706	764	88	0	0
466	2524	766	767	92	0	0
467	2525	767	768	33	0	0
468	2548	696	10	88	0	0
469	2549	769	406	27	646	4
470	2555	6	229	45	0	0
471	2558	770	771	48	0	0
472	2560	772	773	57	2618	2
473	2562	720	774	7	0	0
474	2578	776	777	35	0	0
475	2584	432	779	481	0	0
476	2595	780	781	71	8270	7
477	2597	782	783	69	0	0
478	2598	782	784	168	7474	15
479	2600	785	786	31	3366	3
480	2607	787	788	102	0	0
481	2608	788	789	10	4284	5
482	2609	790	791	27	6732	6
483	2614	777	792	17	3273	5
484	2617	778	793	6	2618	2
485	2620	786	794	77	0	0
486	2652	796	797	182	0	0
487	2657	798	460	366	0	0
488	2674	801	802	88	0	0
489	2675	639	803	396	162	1
490	2676	803	801	37	0	0
491	2685	529	804	174	561	1
492	2695	806	807	816	0	0
493	2696	808	676	82	485	3
494	2701	809	771	91	1122	1
495	2717	810	811	117	655	1
496	2718	812	813	9	561	1
497	2720	774	721	7	0	0
498	2721	814	157	70	0	0
499	2726	770	809	29	0	0
500	2729	815	158	168	0	0
501	2730	815	816	91	680	1
502	2735	817	235	141	1122	1
503	2760	819	820	22	0	0
504	2761	821	822	60	5236	4
505	2765	823	824	24	0	0
506	2766	824	825	36	0	0
507	2769	825	155	83	0	0
508	2775	814	828	68	0	0
509	2783	825	819	38	0	0
510	2787	812	815	72	0	0
511	2788	814	820	98	0	0
512	2791	823	829	92	0	0
513	2792	158	828	101	1403	5
514	2799	820	823	26	0	0
515	2809	817	9	20	0	0
516	2810	830	3	59	1122	1
517	2813	237	817	25	0	0
518	2820	832	833	82	2618	2
519	2834	835	836	140	0	0
520	2836	835	837	59	0	0
521	2837	837	838	256	6732	6
522	2847	839	105	57	1310	1
523	2853	112	840	75	0	0
524	2854	840	841	18	2432	2
525	2879	842	843	99	408	2
526	2890	709	844	166	723	2
527	2910	711	845	156	1122	1
528	2929	700	847	204	561	1
529	2935	556	849	8	0	0
530	2937	849	850	20	0	0
531	2986	856	857	31	0	0
532	2987	857	858	46	3179	3
533	3011	652	859	138	655	1
534	3023	714	862	437	340	1
535	3040	863	864	303	0	0
536	3041	863	865	300	0	0
537	3059	863	867	87	655	1
538	3063	567	868	98	655	1
539	3090	869	535	10	0	0
540	3091	537	870	14	0	0
541	3092	870	869	18	0	0
542	3093	871	872	746	0	0
543	3102	873	874	247	340	1
544	3126	866	875	102	1122	1
545	3150	877	878	376	0	0
546	3156	705	879	582	655	1
547	3175	883	884	121	561	1
548	3180	49	887	9	0	0
549	3181	887	888	58	2244	2
550	3184	670	889	161	1472	2
551	3185	889	11	20	0	0
552	3189	694	693	15	0	0
553	3192	890	891	91	0	0
554	3206	892	690	37	0	0
555	3241	365	179	198	2117	3
556	3258	899	900	208	5474	13
557	3260	901	29	69	1122	1
558	3277	903	904	363	0	0
559	3281	905	906	126	2432	2
560	3282	906	907	50	0	0
561	3303	892	909	108	408	2
562	3316	910	911	661	1122	1
563	3325	912	913	120	561	1
564	3339	915	45	148	1122	1
565	3361	281	916	551	561	1
566	3393	918	919	118	14495	14
567	3394	919	900	56	5229	8
568	3405	923	924	223	0	0
569	3415	267	411	88	0	0
570	3434	925	926	76	485	3
571	3450	927	929	563	1122	2
572	3480	931	650	47	1122	1
573	3481	932	651	152	0	0
574	3500	935	936	89	3928	3
575	3501	937	938	118	8232	8
576	3503	939	940	91	485	3
577	3505	941	942	77	655	1
578	3506	943	944	24	1310	1
579	3516	945	946	138	7854	6
580	3520	948	949	27	3366	3
581	3532	950	951	32	6358	5
582	3541	796	953	10	0	0
583	3544	954	955	104	0	0
584	3551	956	957	101	1122	1
585	3557	958	953	25	1122	1
586	3561	960	961	36	655	1
587	3569	962	963	96	6546	5
588	3570	964	965	98	5050	4
589	3571	966	967	60	323	2
590	3575	969	970	140	3298	3
591	3579	797	307	283	0	0
592	3580	307	971	205	0	0
593	3582	917	947	96	1310	1
594	3612	973	974	247	2618	2
595	3618	878	976	215	1310	1
596	3625	980	981	54	655	1
597	3626	981	954	29	0	0
598	3650	985	982	300	4021	4
599	3652	986	984	36	485	3
600	3664	988	511	485	0	0
601	3665	512	989	609	204	1
602	3672	990	991	1244	655	1
603	3677	993	994	701	0	0
604	3679	390	995	1614	0	0
605	3680	996	997	670	324	1
606	3683	998	999	119	0	0
607	3689	184	1000	7	0	0
608	3690	1000	1001	45	2618	2
609	3691	768	765	130	0	0
610	3693	408	411	88	0	0
611	3695	1002	1003	110	0	0
612	3696	1003	1004	34	2780	3
613	3701	768	262	85	0	0
614	3707	1005	1006	38	0	0
615	3710	1007	617	37	0	0
616	3714	849	869	252	0	0
617	3717	870	850	253	0	0
618	3722	1008	184	34	1122	1
619	3728	238	766	18	0	0
620	3735	638	1009	128	162	1
621	3767	688	1010	85	561	1
622	3801	605	1011	237	901	2
623	3807	604	1012	40	0	0
624	3808	1012	1013	34	689	4
625	3815	682	1014	209	1122	1
626	3833	1015	1016	54	561	1
627	3838	17	1018	90	204	1
628	3841	21	1019	124	0	0
629	3879	647	1022	187	1310	1
630	3892	1024	860	702	0	0
631	3901	1026	21	231	0	0
632	3902	1026	1027	531	655	1
633	3908	1029	1030	29	0	0
634	3912	1031	1032	17	0	0
635	3913	1032	1028	17	0	0
636	3928	325	1033	44	2618	2
637	3941	1035	1034	122	655	1
638	3942	1036	1037	73	162	1
639	3943	1034	1036	105	0	0
640	3947	1038	1039	132	2780	3
641	3949	1040	1041	72	3928	3
642	3950	1040	1042	75	0	0
643	3952	1043	1044	206	0	0
644	3954	1045	1046	546	655	1
645	3961	1048	609	125	9436	12
646	3968	1049	824	1106	0	0
647	3974	168	1051	59	0	0
648	3983	1052	903	28	0	0
649	3984	903	1053	26	0	0
650	4007	1029	1057	50	0	0
651	4011	1057	1056	27	0	0
652	4017	1058	1059	1397	0	0
653	4018	1058	798	382	0	0
654	4021	1060	227	118	1139	4
655	4022	1061	1052	28	0	0
656	4026	1062	1063	22	0	0
657	4035	1066	1065	559	3290	6
658	4037	1067	1068	67	4488	2
659	4038	1068	1069	14	0	0
660	4052	1070	1071	135	655	1
661	4054	1072	1070	183	1122	1
662	4059	215	1073	98	0	0
663	4060	1074	1075	726	1122	1
664	4061	1076	1077	647	0	0
665	4062	1078	217	527	723	2
666	4063	1073	1075	16	0	0
667	4064	1075	1076	36	0	0
668	4065	1076	1078	18	0	0
669	4066	1078	1073	28	0	0
670	4071	1079	440	122	561	1
671	4091	1081	710	373	1310	1
672	4092	1082	1083	60	1309	2
673	4097	1084	1085	74	3928	3
674	4098	325	1084	46	0	0
675	4101	1086	1087	424	1676	3
676	4104	1089	1090	40	162	1
677	4109	632	1091	120	0	0
678	4110	1091	1092	62	162	1
679	4119	819	1093	375	0	0
680	4129	1094	1095	97	0	0
681	4162	738	736	174	0	0
682	4193	907	340	80	0	0
683	4194	907	1099	59	1122	1
684	4195	1099	1052	191	0	0
685	4204	1061	16	228	0	0
686	4209	1101	1102	41	162	1
687	4211	1103	1098	48	0	0
688	4212	1098	1104	50	0	0
689	4218	1108	1109	83	3927	5
690	4222	1110	1111	68	1718	2
691	4234	1112	305	140	0	0
692	4243	746	1114	867	0	0
693	4250	1115	1116	62	162	1
694	4255	829	556	28	0	0
695	4264	1117	1118	503	0	0
696	4326	628	1122	137	2244	2
697	4362	1123	1124	83	1122	1
698	4364	1125	1126	662	1122	1
699	4373	910	225	261	0	0
700	4379	1127	1128	54	2432	2
701	4382	802	803	96	0	0
702	4383	662	1129	94	5049	12
703	4390	1130	65	21	0	0
704	4391	924	922	62	0	0
705	4399	922	807	38	0	0
706	4401	67	1130	116	0	0
707	4406	1133	1132	18	3366	3
708	4418	1135	1136	25	1802	2
709	4421	1137	1138	50	1122	1
710	4424	1139	1140	16	0	0
711	4425	1140	1141	100	5984	5
712	4433	1142	1143	20	7854	6
713	4435	1144	1145	13	3928	3
714	4439	1146	1147	46	18326	50
715	4442	1097	1148	83	0	0
716	4448	1139	978	65	0	0
717	4454	347	1149	122	0	0
718	4458	1138	1151	36	0	0
719	4459	1151	1152	36	6942	13
720	4461	1104	1153	16	0	0
721	4462	1153	1154	37	0	0
722	4463	1153	1155	78	7856	3
723	4464	779	1156	70	1122	2
724	4472	1157	356	125	5236	4
725	4473	728	1158	138	2618	2
726	4474	1158	723	63	0	0
727	4481	1159	856	62	0	0
728	4484	765	1160	28	0	0
729	4486	1160	1161	168	6800	10
730	4487	1161	767	6	0	0
731	4493	1162	1163	4	0	0
732	4495	1163	1164	61	655	1
733	4500	1165	441	60	1310	1
734	4501	655	1166	54	0	0
735	4502	1046	1167	159	0	0
736	4505	1168	654	61	0	0
737	4511	654	1169	65	485	3
738	4512	122	1170	118	0	0
739	4513	1170	1171	36	1990	2
740	4522	1172	554	307	0	0
741	4534	407	266	114	0	0
742	4535	264	830	88	0	0
743	4537	1173	1174	38	2618	2
744	4539	1175	1176	178	0	0
745	4556	424	425	47	0	0
746	4575	97	1179	110	655	1
747	4581	1180	1181	82	680	2
748	4582	1182	1180	41	0	0
749	4587	360	842	157	0	0
750	4591	386	394	792	0	0
751	4594	1184	1185	25	0	0
752	4595	1185	1186	66	2618	2
753	4596	1187	1188	149	655	1
754	4597	1188	1189	83	0	0
755	4600	720	1190	48	0	0
756	4603	1191	1192	155	0	0
757	4605	1192	1193	21	5236	4
758	4606	1194	1005	19	2618	2
759	4608	1006	1195	3	5236	4
760	4612	1196	1181	45	0	0
761	4643	668	1200	77	612	2
762	4656	1201	1202	1042	485	3
763	4662	1203	1204	189	544	2
764	4664	603	1205	100	1122	1
765	4672	640	1206	421	408	2
766	4710	1208	1209	117	0	0
767	4714	1210	1211	205	1122	1
768	4715	1211	1212	306	1122	1
769	4716	1213	1214	131	0	0
770	4717	1214	1215	40	8302	14
771	4718	1216	1184	36	2432	2
772	4719	1217	606	1290	0	0
773	4726	39	85	39	8228	7
774	4741	1218	1219	88	8144	16
775	4746	1220	1221	35	2244	2
776	4749	891	1222	55	5610	5
777	4751	1223	1224	39	1122	1
778	4753	1225	1226	105	3273	3
779	4755	1227	1228	96	2244	2
780	4757	1229	1230	76	0	0
781	4774	1231	1232	70	0	0
782	4798	764	763	90	0	0
783	4806	669	337	90	0	0
784	4807	1227	337	126	0	0
785	4810	891	1234	3	0	0
786	4811	1234	1235	150	680	1
787	4813	1104	1101	28	366	2
788	4814	1154	1236	58	1122	1
789	4815	1237	1238	61	0	0
790	4816	1237	785	29	2618	2
791	4819	1239	1240	157	0	0
792	4820	602	1241	256	5772	6
793	4821	1241	78	75	0	0
794	4822	1242	1243	47	0	0
795	4823	1244	1245	146	8655	18
796	4824	1245	1246	133	6844	9
797	4825	1247	1248	50	1530	2
798	4827	1249	976	514	4481	6
799	4828	976	1250	55	0	0
800	4859	1252	38	21	0	0
801	4860	38	1253	49	6810	14
802	4865	1067	1069	53	0	0
803	4866	1069	1254	80	5236	2
804	4867	1255	1256	46	3366	3
805	4875	1258	941	85	655	1
806	4876	941	1225	26	0	0
807	4878	1259	787	38	2244	2
808	4879	1260	1259	24	0	0
809	4880	1261	1262	69	0	0
810	4881	1262	1263	60	2176	4
811	4885	1265	956	21	655	1
812	4887	934	1059	163	0	0
813	4894	1266	640	748	0	0
814	4895	1267	1268	48	680	2
815	4898	1269	1270	179	0	0
816	4914	272	1203	404	0	0
817	4919	558	200	12	0	0
818	4923	1230	1272	87	0	0
819	4924	279	1229	36	0	0
820	4925	1229	280	40	0	0
821	5024	351	1279	229	1122	1
822	5032	1268	1280	54	680	2
823	5033	1280	608	25	0	0
824	5045	1282	1269	73	0	0
825	5047	1283	1282	809	2618	2
826	5049	1284	551	192	0	0
827	5051	1285	1286	74	1514	2
828	5052	1287	83	56	0	0
829	5064	1288	1289	97	0	0
830	5069	710	1290	62	0	0
831	5098	742	707	397	0	0
832	5100	1291	1292	141	561	1
833	5112	1296	1066	19	0	0
834	5118	1298	1299	431	366	2
835	5128	601	1117	191	0	0
836	5132	1305	933	274	0	0
837	5172	930	1306	302	1310	1
838	5177	1307	1308	124	655	1
839	5189	644	1309	629	655	1
840	5206	159	1310	237	0	0
841	5226	1311	1312	18	0	0
842	5227	1312	1313	92	3366	3
843	5228	1290	1049	29	0	0
844	5229	1314	1315	27	0	0
845	5233	1316	1317	128	323	2
846	5234	1318	1319	149	2618	2
847	5235	1318	1008	138	0	0
848	5239	1320	1321	53	859	2
849	5242	818	165	69	0	0
850	5243	165	1322	68	0	0
851	5257	1325	1048	37	0	0
852	5264	55	1327	34	0	0
853	5265	1327	1328	21	6732	6
854	5268	156	1329	59	1683	2
855	5270	1330	534	288	0	0
856	5272	315	1318	23	0	0
857	5277	1275	1331	122	0	0
858	5278	1332	1275	32	0	0
859	5279	1332	1331	149	0	0
860	5283	1334	1335	616	0	0
861	5284	1334	1333	121	0	0
862	5289	593	1336	170	0	0
863	5290	593	1337	27	0	0
864	5291	1290	1314	26	0	0
865	5292	318	1338	68	1965	2
866	5316	1277	1340	150	2899	4
867	5334	1341	1342	72	2244	2
868	5351	1342	1067	107	0	0
869	5356	1344	1345	21	0	0
870	5357	1345	1346	122	323	2
871	5360	53	972	300	0	0
872	5362	1348	1349	200	1292	8
873	5365	1257	1350	175	0	0
874	5367	1350	1351	28	2015	3
875	5368	1352	1353	55	0	0
876	5369	1223	1354	178	0	0
877	5373	1353	1355	43	1122	1
878	5374	1355	542	48	0	0
879	5380	1356	1357	59	3928	3
880	5390	1358	27	448	0	0
881	5394	1346	1328	105	0	0
882	5398	1233	1359	70	0	0
883	5400	1360	1361	70	2329	8
884	5401	1361	1362	51	4488	4
885	5402	1349	1363	63	2406	3
886	5403	1363	1364	31	2618	2
887	5414	438	1134	98	0	0
888	5417	310	1365	31	0	0
889	5426	979	1367	84	0	0
890	5428	1368	1369	62	0	0
891	5440	303	1121	291	0	0
892	5446	1370	1371	311	0	0
893	5462	1372	1373	118	0	0
894	5469	290	1374	57	2244	2
895	5470	1375	1376	113	4488	4
896	5473	549	1377	37	0	0
897	5474	1377	1378	29	1445	3
898	5475	1286	1379	114	1310	1
899	5481	1380	1381	185	0	0
900	5488	1382	1383	327	0	0
901	5490	1384	1385	70	10472	4
902	5493	1386	1387	135	1310	1
903	5499	691	256	1265	0	0
904	5504	449	450	976	0	0
905	5509	25	691	1135	0	0
906	5525	1383	1389	81	0	0
907	5567	897	226	596	0	0
908	5569	634	220	84	0	0
909	5575	1391	637	124	0	0
910	5576	801	1391	92	0	0
911	5578	1392	1059	563	0	0
912	5579	1393	1392	636	0	0
913	5604	1395	1396	1010	0	0
914	5605	1397	1398	113	0	0
915	5608	219	896	475	0	0
916	5610	1399	1382	248	655	1
917	5612	1156	899	14	0	0
918	5613	899	1400	49	0	0
919	5614	1400	1401	52	1088	2
920	5615	1402	1403	34	655	1
921	5616	631	1404	72	1310	1
922	5626	1405	1281	143	0	0
923	5632	1406	1407	74	4488	4
924	5633	1408	1225	20	0	0
925	5635	1409	73	85	0	0
926	5638	1410	1411	291	0	0
927	5639	1410	1412	551	646	4
928	5668	795	1413	286	0	0
929	5669	1413	1414	90	0	0
930	5671	1415	1416	57	0	0
931	5673	1417	673	358	0	0
932	5676	1418	1419	49	0	0
933	5677	133	1420	128	0	0
934	5682	1423	1424	88	0	0
935	5684	122	1425	19	0	0
936	5685	1425	1426	92	0	0
937	5733	114	113	397	0	0
938	5785	1430	110	69	0	0
939	5798	1432	137	171	0	0
940	5799	1433	1434	18	0	0
941	5804	134	1435	170	0	0
942	5805	1435	1421	37	0	0
943	5806	1436	1437	88	1310	1
944	5819	1439	1440	92	655	1
945	5822	1438	443	182	0	0
946	5861	95	1443	28	0	0
947	5867	1444	93	32	0	0
948	5868	93	1445	24	0	0
949	5869	1446	91	116	0	0
950	5870	1447	1448	99	1122	1
951	5873	1449	699	1094	0	0
952	5874	1449	1450	49	0	0
953	5875	1450	91	144	0	0
954	5876	91	90	628	0	0
955	5877	90	1451	333	655	1
956	5878	1451	1452	15	0	0
957	5880	353	1445	83	1284	2
958	5881	1445	1444	34	0	0
959	5882	1444	1447	9	0	0
960	5883	1449	1441	63	0	0
961	5918	1456	1457	402	561	1
962	5921	1166	1458	107	2244	2
963	5925	1457	855	332	0	0
964	5934	1460	1461	37	8300	8
965	5936	1462	673	54	0	0
966	5938	1419	1463	202	1310	1
967	5939	1464	1418	76	0	0
968	5941	1465	1415	66	0	0
969	5942	1415	1462	158	0	0
970	5946	1416	1465	66	0	0
971	5948	1464	1466	270	0	0
972	5973	1467	1468	33	2618	2
973	5976	107	1429	81	0	0
974	5978	1431	112	138	0	0
975	5982	1470	1471	8	6732	6
976	5983	1471	1460	48	0	0
977	6008	1472	1473	62	1122	1
978	6015	1447	1474	78	655	1
979	6017	1464	1475	806	0	0
980	6050	529	658	51	162	1
981	6051	1119	1477	92	162	1
982	6066	127	1478	21	0	0
983	6067	568	570	90	0	0
984	6068	1208	1479	93	0	0
985	6069	570	1208	26	0	0
986	6070	1479	568	27	0	0
987	6075	124	1482	31	2618	2
988	6076	123	121	96	0	0
989	6092	1477	1483	11	0	0
990	6095	1483	1484	16	3366	3
991	6100	1431	1485	46	0	0
992	6101	1485	1486	29	1310	1
993	6108	135	1487	46	655	1
994	6111	1468	1488	21	1122	1
995	6117	713	89	402	0	0
996	6161	1492	1493	49	561	1
997	6166	1494	1495	32	485	3
998	6167	1496	1495	36	0	0
999	6168	1494	1496	26	0	0
1000	6185	1469	1467	88	0	0
1001	6196	1497	1498	3	188	1
1002	6201	1499	509	594	0	0
1003	6220	1503	1430	84	0	0
1004	6224	738	1505	11	0	0
1005	6225	1468	1506	85	1122	1
1006	6228	453	94	45	0	0
1007	6231	1474	1450	31	0	0
1008	6244	1507	528	135	0	0
1009	6267	1509	1510	74	366	2
1010	6269	1511	838	95	0	0
1011	6271	836	1512	23	0	0
1012	6272	1512	1513	77	0	0
1013	6276	1503	841	118	0	0
1014	6280	1422	774	270	0	0
1015	6282	1515	1516	97	2432	2
1016	6292	873	523	611	0	0
1017	6297	1508	1507	29	0	0
1018	6298	1508	1480	25	0	0
1019	6302	117	1517	177	655	1
1020	6309	1209	1479	37	0	0
1021	6311	1518	1519	38	2618	2
1022	6312	1433	1435	143	0	0
1023	6327	1521	671	232	0	0
1024	6329	1522	1523	46	0	0
1025	6330	1524	1525	32	0	0
1026	6334	1525	1526	83	0	0
1027	6335	1526	538	176	485	3
1028	6336	1527	1522	26	0	0
1029	6337	1528	1525	201	0	0
1030	6370	142	1530	472	0	0
1031	6371	1530	1529	406	0	0
1032	6376	999	1323	33	655	1
1033	6387	833	1534	94	1122	2
1034	6399	1536	1316	14	0	0
1035	6406	1537	20	58	0	0
1036	6408	532	1538	754	0	0
1037	6411	1330	1539	7	0	0
1038	6412	1539	1540	456	0	0
1039	6417	1050	533	51	0	0
1040	6419	1542	1050	52	0	0
1041	6435	1544	1545	7	0	0
1042	6436	1545	1546	113	1122	1
1043	6439	1547	1548	1032	0	0
1044	6442	1544	1549	135	3460	5
1045	6443	1550	599	43	1122	1
1046	6451	1051	835	90	0	0
1047	6452	1551	1552	62	4046	4
1048	6455	1546	1553	100	0	0
1049	6456	1551	1051	15	0	0
1050	6468	1511	921	78	0	0
1051	6474	1095	1554	105	0	0
1052	6476	1555	1159	159	1683	4
1053	6482	1513	1546	89	0	0
1054	6483	1553	836	85	0	0
1055	6491	921	1509	105	1122	1
1056	6493	1117	1557	850	0	0
1057	6496	1558	861	98	0	0
1058	6497	861	1023	327	0	0
1059	6498	1118	1559	9	0	0
1060	6514	1025	674	277	0	0
1061	6543	1560	1561	85	0	0
1062	6556	534	902	588	0	0
1063	6559	1300	1072	154	0	0
1064	6584	157	1564	710	0	0
1065	6587	1302	156	165	0	0
1066	6589	615	1002	55	1122	1
1067	6595	1565	1566	73	0	0
1068	6596	1565	621	86	0	0
1069	6597	1567	1565	39	655	1
1070	6599	1561	622	48	0	0
1071	6601	1568	646	74	0	0
1072	6603	1536	1570	86	0	0
1073	6612	1571	1572	40	0	0
1074	6621	902	1330	376	0	0
1075	6631	1573	1574	34	3927	4
1076	6632	154	1575	30	561	1
1077	6659	1088	848	12	0	0
1078	6687	1531	1577	69	655	1
1079	6707	316	1578	540	561	1
1080	6727	1579	1305	100	655	1
1081	6754	1580	164	453	0	0
1082	6756	1581	1582	303	6546	5
1083	6760	1583	680	750	0	0
1084	6776	1586	1584	538	7234	11
1085	6781	1588	1589	111	485	3
1086	6782	1589	1590	259	561	1
1087	6783	1589	1591	407	0	0
1088	6784	162	1541	251	323	2
1089	6788	1440	1592	64	1122	1
1090	6789	1592	983	17	0	0
1091	6795	1593	1527	129	655	1
1092	6796	1337	1123	213	0	0
1093	6813	1594	733	18	0	0
1094	6814	260	597	20	0	0
1095	6816	1595	1596	421	0	0
1096	6817	539	930	722	0	0
1097	6830	18	925	355	0	0
1098	6844	1597	1559	679	655	1
1099	6849	1528	1524	79	0	0
1100	6866	1598	1599	71	3554	3
1101	6867	1599	1600	55	0	0
1102	6869	665	872	788	0	0
1103	6872	1310	1601	139	655	1
1104	6876	851	1055	57	0	0
1105	6879	141	1602	76	366	2
1106	6903	1532	1603	215	0	0
1107	6911	164	146	435	0	0
1108	6912	146	681	183	0	0
1109	6913	1604	1605	189	0	0
1110	6915	1604	1606	546	0	0
1111	6921	1607	1608	77	408	2
1112	6924	1580	1294	414	0	0
1113	6925	1609	995	155	0	0
1114	6931	758	1610	1185	0	0
1115	6933	1611	1612	122	0	0
1116	6934	1613	1611	113	0	0
1117	6944	19	1614	425	0	0
1118	6961	505	377	162	0	0
1119	6964	1615	595	142	2618	2
1120	6971	597	1594	21	0	0
1121	6977	733	260	18	0	0
1122	6988	412	1616	61	0	0
1123	6989	1616	1617	37	1310	1
1124	6997	1618	409	178	162	1
1125	7010	229	1615	509	0	0
1126	7014	1058	775	582	0	0
1127	7022	1082	1081	251	0	0
1128	7035	1291	444	322	0	0
1129	7040	1619	1620	180	0	0
1130	7045	1621	1571	222	655	1
1131	7066	1409	1623	68	23870	16
1132	7067	1623	1624	150	0	0
1133	7079	1626	308	219	2244	2
1134	7082	1627	1383	1528	0	0
1135	7088	190	249	230	0	0
1136	7094	1630	1631	26	3366	3
1137	7095	1631	1632	20	2244	2
1138	7104	1478	1165	101	0	0
1139	7107	1427	1428	161	0	0
1140	7113	1633	1634	442	0	0
1141	7114	1633	1635	197	2244	2
1142	7116	328	1175	19	0	0
1143	7121	1636	1637	106	544	2
1144	7123	1638	1639	220	408	2
1145	7141	1622	1640	44	0	0
1146	7142	1641	1622	45	0	0
1147	7143	1642	1643	55	0	0
1148	7144	1644	1642	57	0	0
1149	7145	1645	1646	38	0	0
1150	7146	1647	1645	38	0	0
1151	7147	1648	571	54	0	0
1152	7148	571	1649	55	0	0
1153	7150	1645	1422	100	0	0
1154	7151	1646	1647	15	0	0
1155	7152	1648	1649	16	0	0
1156	7153	1643	1646	9	0	0
1157	7154	1644	1643	18	0	0
1158	7155	1641	1644	6	0	0
1159	7156	1640	1641	21	0	0
1160	7157	1649	1640	10	0	0
1161	7158	1647	1648	12	0	0
1162	7174	1650	132	72	655	1
1163	7183	501	1636	54	0	0
1164	7198	1653	1259	116	1310	1
1165	7199	1351	58	91	0	0
1166	7200	1654	1655	120	0	0
1167	7201	1656	1657	139	0	0
1168	7217	1175	1659	19	0	0
1169	7218	1659	321	19	0	0
1170	7219	321	328	20	0	0
1171	7223	330	1660	12	0	0
1172	7225	1661	1662	20	0	0
1173	7226	1662	1663	20	0	0
1174	7227	1663	1664	19	0	0
1175	7228	1664	1661	14	0	0
1176	7229	1665	1666	38	2432	2
1177	7230	1661	1665	55	0	0
1178	7231	1665	1048	71	2567	3
1179	7232	1667	1668	39	0	0
1180	7233	1668	1325	109	9879	15
1181	7234	555	1667	17	0	0
1182	7235	1667	1570	33	0	0
1183	7236	1570	553	22	0	0
1184	7237	553	555	28	0	0
1185	7238	1339	1669	16	0	0
1186	7239	1669	1536	65	0	0
1187	7254	1670	1671	12	2618	2
1188	7255	1671	1672	66	2984	4
1189	7256	1388	313	132	0	0
1190	7260	1673	1019	507	655	1
1191	7263	924	807	34	0	0
1192	7264	66	1130	210	0	0
1193	7299	1674	914	531	655	1
1194	7318	742	163	63	0	0
1195	7348	1129	1612	92	0	0
1196	7355	920	805	28	0	0
1197	7357	805	1548	16	0	0
1198	7359	806	920	28	0	0
1199	7376	1675	1613	541	0	0
1200	7377	1675	1676	79	1964	3
1201	7387	211	207	83	1122	1
1202	7392	431	1678	199	0	0
1203	7403	12	670	179	2244	2
1204	7404	670	51	237	0	0
1205	7410	132	1679	73	646	4
1206	7411	129	131	127	0	0
1207	7412	1679	1680	61	561	1
1208	7413	442	1170	76	1990	2
1209	7415	441	1168	10	0	0
1210	7419	834	772	93	0	0
1211	7420	834	1556	41	0	0
1212	7424	1681	1289	108	655	1
1213	7425	1682	1683	178	1310	1
1214	7429	1684	1685	63	1216	2
1215	7430	1685	1686	40	1003	4
1216	7438	373	1687	313	1122	1
1217	7439	1687	1688	24	0	0
1218	7440	746	1688	256	0	0
1219	7443	1543	1689	188	0	0
1220	7452	1688	1690	62	0	0
1221	7453	1690	1687	24	0	0
1222	7456	1691	1402	28	0	0
1223	7457	1692	1691	213	9631	4
1224	7458	32	787	10	0	0
1225	7459	1693	1260	182	0	0
1226	7460	16	893	9	0	0
1227	7467	794	1240	105	0	0
1228	7470	1694	1650	261	0	0
1229	7472	1650	1679	117	0	0
1230	7482	1695	1628	193	655	1
1231	7483	1629	1696	139	0	0
1232	7484	1696	1368	18	485	3
1233	7485	1368	979	69	0	0
1234	7486	978	1251	283	0	0
1235	7487	1367	1697	113	1046	4
1236	7488	1697	1372	22	0	0
1237	7489	1373	1698	253	0	0
1238	7501	1699	1700	51	281	2
1239	7508	1373	1369	294	323	2
1240	7509	342	1657	83	0	0
1241	7511	1701	1656	87	0	0
1242	7513	896	897	86	0	0
1243	7514	1702	1703	160	0	0
1244	7539	36	1704	57	0	0
1245	7542	885	1341	58	0	0
1246	7552	1705	1706	129	7856	3
1247	7554	1395	678	30	0	0
1248	7560	67	64	103	4488	4
1249	7573	1381	289	55	0	0
1250	7581	1381	70	124	0	0
1251	7582	70	1375	56	0	0
1252	7583	1707	1708	506	0	0
1253	7599	1693	1709	43	1122	1
1254	7600	1261	1710	26	0	0
1255	7603	1713	1714	53	0	0
1256	7604	883	1715	91	0	0
1257	7607	883	1716	48	0	0
1258	7609	1716	1717	43	655	1
1259	7637	1719	881	126	0	0
1260	7639	1720	1721	301	655	1
1261	7644	1273	1722	133	0	0
1262	7649	1722	880	121	0	0
1263	7652	1724	1278	59	0	0
1264	7653	1724	1725	64	0	0
1265	7656	1726	1727	336	0	0
1266	7660	1390	274	32	0	0
1267	7669	1390	273	21	0	0
1268	7678	1726	1728	189	655	1
1269	7689	1272	279	119	0	0
1270	7692	1729	1730	166	6265	6
1271	7697	1414	309	383	0	0
1272	7699	1365	1089	15	0	0
1273	7708	1359	1731	90	2618	4
1274	7709	1731	1106	35	0	0
1275	7710	1732	1100	77	0	0
1276	7711	1100	1103	63	0	0
1277	7714	1265	540	50	2244	2
1278	7715	1398	1733	50	11408	6
1279	7716	1362	1398	83	5705	5
1280	7721	1734	1250	398	4115	4
1281	7729	795	1120	346	0	0
1282	7733	308	1414	97	0	0
1283	7735	1735	1736	137	1777	2
1284	7744	37	1738	63	0	0
1285	7746	1738	780	49	0	0
1286	7749	1739	1344	143	1360	2
1287	7752	1369	1697	129	655	1
1288	7760	971	306	123	0	0
1289	7761	306	800	26	0	0
1290	7779	934	1393	188	995	2
1291	7799	1741	1257	22	646	4
1292	7800	12	1742	23	1122	1
1293	7801	1742	1741	49	561	1
1294	7802	1240	59	109	0	0
1295	7803	59	1743	54	0	0
1296	7804	58	1744	200	0	0
1297	7805	1236	794	69	1360	2
1298	7806	75	56	58	10812	6
1299	7830	1746	1401	13	0	0
1300	7831	1747	1748	23	0	0
1301	7832	1748	1746	57	612	3
1302	7845	1387	1749	50	0	0
1303	7846	1749	1750	49	0	0
1304	7855	1751	1715	170	0	0
1305	7856	1752	60	137	0	0
1306	7859	1744	1753	137	2244	2
1307	7860	1692	1244	29	2244	1
1308	7861	1364	1733	35	485	3
1309	7864	939	918	75	0	0
1310	7865	283	284	100	0	0
1311	7867	1754	1755	353	366	2
1312	7869	225	1756	160	561	1
1313	7870	1231	1757	555	502	2
1314	7874	1758	1695	50	0	0
1315	7876	1758	1734	48	0	0
1316	7878	1371	1758	225	0	0
1317	7880	1347	1752	57	0	0
1318	7884	1753	1759	290	2432	2
1319	7891	1285	1760	88	0	0
1320	7892	1351	1743	52	0	0
1321	7896	1747	1746	31	0	0
1322	7909	1708	255	198	0	0
1323	7910	450	1707	1167	0	0
1324	7918	1762	1370	148	0	0
1325	8001	913	1740	1209	0	0
1326	8031	882	1764	189	1122	1
1327	8038	1718	913	110	0	0
1328	8046	1719	1765	7	0	0
1329	8047	1765	79	100	1122	1
1330	8128	294	1125	239	0	0
1331	8151	1725	1766	353	655	1
1332	8184	1767	1768	26	1632	8
1333	8186	1523	1767	70	0	0
1334	8191	1337	1595	96	0	0
1335	8192	1336	679	46	0	0
1336	8211	1769	1287	48	1310	1
1337	8214	1568	810	29	0	0
1338	8220	1689	1547	306	680	2
1339	8221	1543	1054	213	655	1
1340	8223	1596	1336	534	0	0
1341	8232	1595	1772	73	1871	2
1342	8265	1773	1270	1237	0	0
1343	8266	1107	1702	66	1122	1
1344	8267	1774	1775	21	7854	6
1345	8270	1624	1776	11	0	0
1346	8271	1777	1409	14	0	0
1347	8272	1776	1778	154	2620	1
1348	8273	1778	1777	193	20384	10
1349	8293	1714	1352	268	0	0
1350	8295	1780	1781	36	0	0
1351	8296	1781	1223	37	4488	4
1352	8297	1782	1408	99	7386	9
1353	8305	1624	1783	123	0	0
1354	8306	1783	1784	5	6732	3
1355	8311	1360	1785	49	0	0
1356	8312	1785	1786	13	655	1
1357	8313	1787	1271	49	1122	1
1358	8317	53	50	352	0	0
1359	8328	133	1437	47	0	0
1360	8345	1274	1131	568	0	0
1361	8346	1723	1274	653	0	0
1362	8359	1434	1788	123	0	0
1363	8360	1434	1789	42	0	0
1364	8361	1789	1790	60	485	3
1365	8362	1790	1791	75	2899	3
1366	8363	1791	130	70	1122	1
1367	8369	1792	1793	82	0	0
1368	8379	1796	433	135	0	0
1369	8393	1798	1210	185	1777	2
1370	8394	1212	1424	84	0	0
1371	8405	1423	1799	122	485	3
1372	8409	1800	1801	46	2432	2
1373	8418	1684	0	49	0	0
1374	8421	1803	101	42	0	0
1375	8429	1803	1805	54	0	0
1376	8432	311	1806	53	1965	2
1377	8474	1519	120	43	0	0
1378	8475	1808	1809	87	2618	2
1379	8476	1809	970	112	0	0
1380	8477	1686	1165	6	0	0
1381	8478	1426	1797	153	0	0
1382	8481	1790	1788	55	646	4
1383	8482	1788	1810	6	0	0
1384	8483	1810	139	60	0	0
1385	8485	1811	1812	102	1310	1
1386	8486	1168	1812	84	0	0
1387	8489	1458	1634	442	1777	2
1388	8490	1634	1813	115	0	0
1389	8537	545	1814	37	2244	2
1390	8544	351	1815	196	1122	1
1391	8551	908	1503	76	0	0
1392	8555	69	763	74	0	0
1393	8559	632	1272	141	0	0
1394	8561	1816	1730	49	0	0
1395	8562	1816	1817	158	1360	2
1396	8565	800	1112	105	7250	9
1397	8574	1818	1794	93	655	1
1398	8584	1819	1820	32	0	0
1399	8592	1505	1682	61	1284	2
1400	8598	1819	1822	168	162	1
1401	8605	1505	1793	134	0	0
1402	8610	1481	1187	489	0	0
1403	8611	1187	739	54	0	0
1404	8613	653	1481	742	0	0
1405	8614	1189	99	138	0	0
1406	8615	1818	1821	22	1310	1
1407	8618	1433	1186	75	0	0
1408	8654	433	1823	93	655	1
1409	8662	968	1504	54	0	0
1410	8678	1502	1825	83	0	0
1411	8679	1796	109	53	0	0
1412	8680	109	932	96	2244	2
1413	8682	435	932	200	561	1
1414	8684	1826	1824	21	0	0
1415	8685	1826	1827	99	655	1
1416	8702	1190	1828	96	0	0
1417	8703	1828	1829	78	2618	2
1418	8706	1804	1830	35	2432	2
1419	8713	1831	1832	40	3928	3
1420	8715	88	1833	61	0	0
1421	8717	86	1497	17	0	0
1422	8720	1821	735	141	0	0
1423	8722	1491	1834	71	1310	1
1424	8730	1813	1642	939	0	0
1425	8746	1835	1658	100	655	1
1426	8747	1835	546	1905	0	0
1427	8752	1836	1837	77	2244	2
1428	8753	1838	1839	68	3928	3
1429	8755	118	1500	128	0	0
1430	8756	1841	1840	117	561	1
1431	8757	1680	1842	55	1309	2
1432	8758	1	1476	40	1122	1
1433	8764	1216	446	20	0	0
1434	8771	1837	1838	47	0	0
1435	8773	1680	1684	27	502	2
1436	8775	1476	1802	72	0	0
1437	8776	0	1833	23	0	0
1438	8779	1500	1841	73	0	0
1439	8781	1658	1455	72	0	0
1440	8790	1843	447	98	655	1
1441	8796	447	1472	51	0	0
1442	8797	1472	1843	50	0	0
1443	8798	1843	1216	55	0	0
1444	8801	1844	1845	34	1360	2
1445	8821	1846	865	206	561	1
1446	8825	1682	1792	17	0	0
1447	8828	527	1494	344	646	4
1448	8832	1452	1466	1487	3179	3
1449	8844	1191	1190	55	0	0
1450	8855	659	1847	74	561	1
1451	8860	1169	1426	6	0	0
1452	8861	87	88	52	0	0
1453	8863	1833	1802	50	0	0
1454	8866	1805	125	98	0	0
1455	8868	1519	1848	45	8364	14
1456	8886	1797	1849	35	0	0
1457	8887	1849	1813	71	655	1
1458	8897	1424	1213	171	561	1
1459	8901	1794	1850	139	0	0
1460	8904	1502	968	453	0	0
1461	8911	1825	1851	69	655	1
1462	8918	1042	1852	118	0	0
1463	8921	1569	1853	37	655	1
1464	8927	1427	1119	23	0	0
1465	8928	111	1854	13	1122	1
1466	8929	1854	110	101	0	0
1467	8945	1454	1489	85	561	1
1468	8948	1856	1770	90	0	0
1469	8958	1810	1806	132	0	0
1470	8959	129	1806	7	0	0
1471	8966	1453	1443	725	2244	2
1472	8972	854	1456	194	0	0
1473	8973	1855	1858	162	485	3
1474	8974	47	1463	92	0	0
1475	9006	1189	1859	53	0	0
1476	9007	1859	1795	900	1310	1
1477	9020	1047	1860	392	0	0
1478	9042	1490	1861	100	1310	1
1479	9086	1610	1862	422	0	0
1480	9087	1862	1613	106	0	0
1481	9120	852	1864	287	655	1
1482	9121	1864	854	310	0	0
1483	9122	1865	759	174	1777	3
1484	9125	1866	1662	32	0	0
1485	9138	1499	1867	259	655	1
1486	9140	1850	1514	458	1122	1
1487	9146	1868	1863	125	561	1
1488	9154	1869	1870	52	0	0
1489	9155	1870	314	18	0	0
1490	9156	1319	318	45	485	3
1491	9161	562	1872	93	0	0
1492	9163	1873	1852	72	2244	3
1493	9169	1856	1874	163	0	0
1494	9172	1875	1876	125	485	3
1495	9175	1875	1035	29	0	0
1496	9177	1877	1620	84	0	0
1497	9180	561	1877	32	0	0
1498	9181	1877	623	151	1310	1
1499	9184	1878	1874	184	0	0
1500	9187	562	1879	154	0	0
1501	9188	1872	1619	17	0	0
1502	9189	1619	1880	219	1310	1
1503	9192	1038	1040	17	0	0
1504	9193	1042	1873	48	0	0
1505	9194	1873	1568	48	655	1
1506	9197	1569	1881	7	0	0
1507	9202	1878	1856	140	0	0
1508	9211	757	1585	22	0	0
1509	9212	757	1614	41	0	0
1510	9213	1614	1585	36	0	0
1511	9218	1677	1882	157	0	0
1512	9219	1882	1883	64	5236	2
1513	9220	1883	1296	144	0	0
1514	9223	1857	1303	148	3434	4
1515	9234	1587	1588	90	0	0
1516	9235	1590	1587	50	0	0
1517	9237	1027	1538	91	0	0
1518	9238	1538	1673	381	0	0
1519	9242	531	1542	52	0	0
1520	9244	1542	533	62	0	0
1521	9250	1322	1320	25	0	0
1522	9254	1324	1884	68	1122	1
1523	9255	149	1324	51	0	0
1524	9258	150	818	243	0	0
1525	9259	1322	1600	47	0	0
1526	9261	183	1651	72	2244	2
1527	9262	1521	1860	851	0	0
1528	9263	1521	1605	21	0	0
1529	9266	1605	1563	164	0	0
1530	9267	1563	1606	363	0	0
1531	9270	760	1885	167	6732	3
1532	9285	1869	1887	156	1122	1
1533	9286	1887	1888	143	0	0
1534	9300	1572	331	201	0	0
1535	9305	1888	444	68	0	0
1536	9307	1888	320	111	1122	1
1537	9312	1580	1889	96	0	0
1538	9313	681	1652	23	0	0
1539	9320	1294	741	197	0	0
1540	9321	1889	993	1166	655	1
1541	9327	46	1610	26	0	0
1542	9342	611	1890	20	0	0
1543	9343	1890	1007	74	7854	6
1544	9344	620	1891	34	0	0
1545	9345	1891	1892	51	0	0
1546	9346	1892	152	72	0	0
1547	9348	1325	1002	92	5236	4
1548	9349	1087	1607	159	0	0
1549	9350	826	1893	89	1310	1
1550	9353	1894	1560	31	1310	1
1551	9356	617	1566	52	0	0
1552	9357	1566	1894	83	0	0
1553	9358	1893	1891	235	0	0
1554	9364	1326	1865	131	0	0
1555	9365	1866	1880	172	1139	4
1556	9366	1880	1890	93	0	0
1557	9367	1892	1896	72	0	0
1558	9370	827	1897	54	0	0
1559	9371	1897	454	89	3930	1
1560	9372	455	153	159	0	0
1561	9373	153	1886	252	0	0
1562	9376	1898	1771	132	3928	3
1563	9406	339	1062	20	0	0
1564	9407	339	319	410	1122	1
1565	9414	1572	1659	74	0	0
1566	9417	992	1293	518	1310	1
1567	9419	994	1609	106	680	2
1568	9425	698	44	215	0	0
1569	9426	46	1562	675	0	0
1570	9429	1862	661	88	0	0
1571	9430	661	1611	82	0	0
1572	9432	1612	1562	255	0	0
1573	9442	1597	1558	154	0	0
1574	9445	1301	1024	168	561	1
1575	9465	1600	1899	51	2618	2
1576	9466	1899	167	19	0	0
1577	9467	1320	1900	83	1122	2
1578	9485	145	1583	148	485	3
1579	9490	1603	1531	76	0	0
1580	9524	1031	1300	117	0	0
1581	9525	1094	1557	30	0	0
1582	9526	1557	1031	37	0	0
1583	9527	1028	1094	31	0	0
1584	9528	1901	1902	80	1802	2
1585	9531	1903	1591	804	561	1
1586	9534	1593	1904	33	655	1
1587	9541	1315	708	53	0	0
1588	9544	1884	166	56	0	0
1589	9545	166	1598	7	0	0
1590	9556	1534	1533	24	0	0
1591	9557	322	1096	46	901	2
1592	9559	1535	1905	33	0	0
1593	9577	1576	1544	59	0	0
1594	9582	1289	1576	91	0	0
1595	9584	1556	1288	85	0	0
1596	9589	1554	1555	256	0	0
1597	9594	1872	1906	53	0	0
1598	9595	1906	1663	73	1122	1
1599	9602	826	618	217	0	0
1600	9604	848	1907	55	0	0
1601	9605	1907	1908	31	561	1
1602	9626	170	1911	19	4488	4
1603	9653	1598	1912	39	561	1
1604	9661	1533	1913	44	561	1
1605	9662	831	1914	29	1292	8
1606	9664	1905	1915	48	1122	1
1607	9669	1315	1049	29	0	0
1608	9672	1172	1916	29	2526	3
1609	9678	615	1902	103	1292	8
1610	9686	499	1917	57	2618	2
1611	9688	371	1918	222	0	0
1612	9691	1870	1919	31	1360	2
1613	9698	1093	1062	21	0	0
1614	9699	1063	1093	41	0	0
1615	9704	1920	1921	30	366	2
1616	9712	1004	1086	122	0	0
1617	9716	1295	1922	55	561	1
1618	9719	427	1923	33	0	0
1619	9720	1923	428	109	0	0
1620	9723	1895	1063	142	0	0
1621	9725	1668	1902	95	0	0
1622	9730	1871	1920	279	0	0
1623	9735	1894	1561	53	0	0
1624	9748	503	1924	32	655	1
1625	9761	479	1925	164	0	0
1626	9763	578	378	100	162	1
1627	9774	236	409	69	0	0
1628	9775	1926	194	39	162	1
1629	9777	1927	1926	38	162	1
1630	9785	381	1928	29	0	0
1631	9787	1928	1929	62	162	1
1632	9791	1930	1157	194	0	0
1633	9792	231	354	69	0	0
1634	9795	259	1931	104	0	0
1635	9797	495	384	515	0	0
1636	9800	417	422	414	3179	3
1637	9810	577	193	27	0	0
1638	9811	193	1930	49	0	0
1639	9812	1930	577	20	0	0
1640	9819	1932	1931	13	0	0
1641	9820	1932	242	8	0	0
1642	9821	1931	242	14	162	1
1643	9825	1933	1934	62	2244	2
1644	9826	1935	1936	75	3928	3
1645	9830	1938	1199	492	0	0
1646	9836	265	1939	52	1122	2
1647	9838	723	1940	195	561	1
1648	9842	563	398	384	0	0
1649	9846	426	1941	84	969	6
1650	9847	1942	1943	64	0	0
1651	9849	1678	1925	197	0	0
1652	9850	1923	1925	82	0	0
1653	9854	429	427	294	0	0
1654	9858	1944	405	144	0	0
1655	9871	424	1945	61	0	0
1656	9872	1945	1942	137	1462	2
1657	9873	1942	1177	82	0	0
1658	9876	1935	1196	229	0	0
1659	9877	1196	1182	3	0	0
1660	9882	1938	510	504	0	0
1661	9886	391	392	16	0	0
1662	9887	395	1937	53	2244	4
1663	9889	580	731	606	561	1
1664	9911	499	186	18	0	0
1665	9917	407	264	38	0	0
1666	9918	265	263	47	0	0
1667	9919	182	1944	25	0	0
1668	9920	1944	475	42	0	0
1669	9924	410	8	83	816	2
1670	9932	245	1946	95	366	2
1671	9946	469	358	572	544	2
1672	9952	1943	1947	229	561	1
1673	9962	575	1948	325	1122	1
1674	9971	634	222	93	0	0
1675	9973	636	223	165	0	0
1676	9976	1949	690	235	1122	1
1677	9977	727	497	485	0	0
1678	9995	1951	1950	66	502	2
1679	10000	517	1952	48	485	3
1680	10003	1407	1709	34	0	0
1681	10034	1953	1954	49	1310	1
1682	10050	1199	987	26	0	0
1683	10063	756	1955	194	561	1
1684	10064	473	1956	119	1310	1
1685	10077	1957	729	485	561	1
1686	10104	76	1779	212	561	1
1687	10105	1779	542	126	0	0
1688	10106	1958	1780	81	485	3
1689	10107	1258	1242	29	0	0
1690	10122	1960	1959	251	408	2
1691	10123	510	988	806	0	0
1692	10124	988	1961	337	655	1
1693	10125	1910	385	209	0	0
1694	10131	393	1197	23	0	0
1695	10132	1197	1962	60	366	2
1696	10138	1761	332	119	0	0
1697	10155	573	1963	63	1310	1
1698	10170	459	1284	81	0	0
1699	10171	1284	552	239	0	0
1700	10174	566	1964	135	816	2
1701	10175	1965	1183	381	655	1
1702	10186	1910	1966	196	561	1
1703	10191	1967	576	144	5236	4
1704	10192	414	1967	121	0	0
1705	10193	250	1630	90	0	0
1706	10207	1968	972	142	655	1
1707	10212	1270	1405	541	2244	1
1708	10214	352	1266	153	0	0
1709	10216	221	635	89	0	0
1710	10222	1763	1969	1298	408	2
1711	10230	1748	541	231	0	0
1712	10238	1970	1747	173	561	1
1713	10239	900	1970	73	0	0
1714	10250	1971	1972	63	1122	1
1715	10262	549	1760	54	0	0
1716	10267	1378	1971	60	0	0
1717	10268	1971	1973	33	0	0
1718	10283	1974	1975	46	162	1
1719	10296	1976	1103	56	0	0
1720	10298	1103	1238	220	3604	4
1721	10299	1238	1977	43	0	0
1722	10300	1977	1264	27	1310	1
1723	10302	78	1958	68	1666	7
1724	10303	1958	1655	69	0	0
1725	10304	1655	1782	53	3528	4
1726	10305	1782	1244	112	3955	3
1727	10306	1978	1979	52	6732	6
1728	10307	1980	1976	211	1964	3
1729	10308	1976	1713	304	561	1
1730	10309	1243	1981	65	0	0
1731	10310	1981	1982	46	1871	2
1732	10311	1703	1712	21	1802	2
1733	10312	1983	1106	152	5891	5
1734	10313	1271	1773	101	0	0
1735	10315	1359	1980	93	0	0
1736	10316	1980	1978	60	0	0
1737	10317	1978	1732	94	0	0
1738	10320	1148	1984	125	2244	2
1739	10321	1984	1109	102	0	0
1740	10322	1109	1985	14	2244	2
1741	10323	312	1387	170	0	0
1742	10325	1750	1388	170	0	0
1743	10327	1974	27	39	0	0
1744	10350	1986	950	27	4608	4
1745	10351	1987	937	44	0	0
1746	10352	1988	1654	107	808	5
1747	10353	1654	1989	97	1488	3
1748	10354	1989	1990	236	0	0
1749	10356	1989	78	73	0	0
1750	10357	950	1991	57	2244	2
1751	10358	1991	1992	94	8264	12
1752	10359	1992	1987	48	0	0
1753	10360	1987	1711	107	2618	2
1754	10362	1711	784	48	0	0
1755	10363	1977	1714	203	0	0
1756	10368	1982	1693	45	0	0
1757	10369	1246	1265	82	0	0
1758	10370	1245	1402	86	0	0
1759	10371	1397	1736	27	7146	8
1760	10372	1736	1759	59	3740	3
1761	10373	1759	1988	58	6673	13
1762	10374	1988	1692	139	13789	24
1763	10375	1246	918	48	6732	6
1764	10377	1744	1990	96	0	0
1765	10378	1990	1105	42	0	0
1766	10379	1351	1360	95	4226	7
1767	10380	1239	1744	99	0	0
1768	10430	1993	886	64	162	1
1769	10432	460	458	32	0	0
1770	10433	458	1217	27	0	0
1771	10436	1994	1995	83	561	1
1772	10437	1995	1343	91	0	0
1773	10438	1343	798	45	0	0
1774	10441	1394	550	121	0	0
1775	10443	550	456	110	0	0
1776	10449	1394	456	187	0	0
1777	10452	1396	1745	74	0	0
1778	10472	1996	1997	156	1309	2
1779	10487	888	1998	84	162	1
1780	10490	68	1999	72	1310	1
1781	10492	69	1705	22	0	0
1782	10495	1346	764	75	0	0
1783	10498	1741	2000	83	0	0
1784	10499	2000	1247	75	1122	1
1785	10500	1247	2001	83	0	0
1786	10501	2001	2002	101	0	0
1787	10502	1351	2002	116	646	4
1788	10503	2002	1348	136	2475	14
1789	10504	888	1348	11	1122	1
1790	10509	1239	594	125	3366	3
1791	10548	1136	2003	153	0	0
1792	10549	2003	2004	73	655	1
1793	10557	1137	1139	32	0	0
1794	10576	1156	1400	70	1802	2
1795	10607	312	1388	15	0	0
1796	10611	2005	228	199	1309	2
1797	10613	349	2005	109	1309	2
1798	10614	2005	1060	39	0	0
1799	10615	1815	2006	52	0	0
1800	10616	2006	1656	64	0	0
1801	10617	1657	1386	56	0	0
1802	10618	1387	1750	15	0	0
1803	10620	1242	2007	41	7192	8
1804	10621	1742	1256	78	0	0
1805	10622	1233	2008	55	5168	5
1806	10628	2006	1737	86	1632	9
1807	10632	1984	1670	42	0	0
1808	10642	876	1366	178	0	0
1809	10644	1698	438	180	1122	1
1810	10695	975	1114	696	0	0
1811	10696	2009	2010	143	1965	2
1812	10697	973	2011	131	0	0
1813	10700	2011	2012	205	408	2
1814	10701	2012	2009	246	1122	1
1815	10702	2009	2013	52	8976	4
1816	10718	1752	966	25	0	0
1817	10757	2014	1743	130	1122	1
1818	10758	2015	49	44	1802	2
1819	10772	188	210	464	0	0
1820	10774	1354	1261	37	0	0
1821	10775	1710	1243	29	1310	1
1822	10796	1406	2016	83	3222	4
1823	10798	1260	2017	101	3928	3
1824	10800	602	1354	94	0	0
1825	10802	1053	952	8	0	0
1826	10803	952	1061	18	0	0
1827	10805	2019	945	48	0	0
1828	10806	2018	2019	7	0	0
1829	10807	1053	2019	178	0	0
1830	10814	2018	2020	272	0	0
1831	10815	2020	712	389	0	0
1832	10816	2021	33	33	0	0
1833	10817	2020	2021	6	0	0
1834	10818	2019	2021	268	0	0
1835	10819	2021	712	392	0	0
1836	10827	1360	2022	62	1310	1
1837	10829	1362	943	92	0	0
1838	10831	1982	939	48	0	0
1839	10832	1265	2023	88	1310	1
1840	10833	2023	1402	51	0	0
1841	10834	543	783	529	0	0
1842	10837	962	937	56	0	0
1843	10838	935	964	59	0	0
1844	10839	935	962	53	0	0
1845	10841	964	1774	20	0	0
1846	10842	28	2024	83	561	1
1847	10843	2024	1787	95	0	0
1848	10847	954	1751	17	0	0
1849	10848	255	955	28	0	0
1850	10849	955	1751	83	0	0
1851	10884	2027	2028	97	2270	7
1852	10887	2029	2030	98	1122	1
1853	10907	2031	2032	101	10536	12
1854	10908	2031	2033	93	0	0
1855	10909	2034	2035	107	0	0
1856	10976	2038	2039	722	162	1
1857	10993	2042	2038	17	0	0
1858	11006	2044	2045	99	1309	2
1859	11018	2046	2047	162	4303	3
1860	11025	2048	2049	35	2244	2
1861	11026	2050	2051	50	366	2
1862	11035	2053	2054	224	7032	12
1863	11036	2054	2055	37	0	0
1864	11037	2056	2057	55	0	0
1865	11056	2059	2060	98	0	0
1866	11073	2061	2062	42	2620	1
1867	11076	2063	2064	137	4488	4
1868	11079	2065	2066	46	204	1
1869	11084	2067	2068	120	16500	10
1870	11085	2069	2070	47	2244	2
1871	11090	2071	2072	71	1369	7
1872	11095	2074	2075	82	1972	5
1873	11098	2076	2077	232	162	1
1874	11099	2078	2079	38	561	1
1875	11100	2080	2081	127	2805	5
1876	11134	2085	2086	618	0	0
1877	11135	2085	2087	843	0	0
1878	11136	2087	2088	3	0	0
1879	11137	2088	2089	633	0	0
1880	11142	2090	2091	188	561	1
1881	11143	2092	2093	113	2244	4
1882	11157	2094	2095	72	8541	9
1883	11180	2097	2099	38	0	0
1884	11204	2100	2101	21	1964	3
1885	11210	2102	2103	11	0	0
1886	11215	2104	2105	82	0	0
1887	11220	2107	2108	142	0	0
1888	11237	2109	2110	147	2924	6
1889	11240	2111	2112	46	1310	1
1890	11243	2113	2108	181	0	0
1891	11247	2114	2115	1425	0	0
1892	11262	2116	2117	59	2620	1
1893	11267	2118	2061	176	10007	5
1894	11268	2061	2119	63	2620	1
1895	11269	2119	2052	43	0	0
1896	11290	2121	2122	349	0	0
1897	11295	2087	2123	843	0	0
1898	11307	2125	2126	20	0	0
1899	11325	2128	2129	46	8488	12
1900	11336	2130	2131	78	1122	1
1901	11337	2131	2132	99	0	0
1902	11338	2133	2134	86	11382	6
1903	11339	2135	2132	154	0	0
1904	11350	2123	2136	188	0	0
1905	11360	2106	2113	252	408	2
1906	11363	2138	2139	213	0	0
1907	11372	2140	2130	136	0	0
1908	11380	2141	2142	72	0	0
1909	11387	2143	2144	4	0	0
1910	11388	2144	2145	242	1795	4
1911	11393	2148	2149	6	0	0
1912	11401	2150	2151	537	0	0
1913	11405	2088	2085	1341	0	0
1914	11408	2152	2153	61	1309	2
1915	11418	2154	2155	41	0	0
1916	11434	2156	2157	109	323	2
1917	11453	2158	2159	69	1310	1
1918	11460	2160	2161	22	2620	1
1919	11461	2161	2162	67	0	0
1920	11464	2162	2163	25	8492	9
1921	11466	2164	2165	67	0	0
1922	11507	2169	2170	141	204	1
1923	11517	2171	2172	38	0	0
1924	11519	2173	2147	114	6174	3
1925	11520	2174	2171	67	0	0
1926	11521	2175	2173	52	2244	1
1927	11522	2028	2176	4	0	0
1928	11527	2165	2177	24	0	0
1929	11528	2178	2165	88	0	0
1930	11534	2179	2180	84	0	0
1931	11540	2089	2123	588	0	0
1932	11549	2181	2182	868	0	0
1933	11551	2183	2184	212	162	1
1934	11552	2184	2185	4	0	0
1935	11565	2186	2187	61	3604	4
1936	11566	2187	2188	41	0	0
1937	11567	2189	2186	78	0	0
1938	11568	2189	2190	51	1122	2
1939	11573	2192	2191	921	0	0
1940	11575	2193	2194	33	7668	6
1941	11576	2195	2196	20	1310	1
1942	11577	2196	2197	151	0	0
1943	11583	2198	2199	55	0	0
1944	11584	2199	2195	44	561	1
1945	11587	2200	2060	59	0	0
1946	11600	2201	2092	78	0	0
1947	11612	2202	2203	31	646	4
1948	11613	2203	2139	8	0	0
1949	11636	2207	2208	4	0	0
1950	11637	2208	2209	60	663	3
1951	11642	2211	2212	53	0	0
1952	11646	2214	2215	54	0	0
1953	11648	2216	2217	55	0	0
1954	11658	2218	2219	79	0	0
1955	11667	2220	2221	78	0	0
1956	11668	2221	2222	6	655	1
1957	11669	2223	2224	135	5423	7
1958	11670	2224	2225	117	6103	12
1959	11672	2226	2227	23	1122	2
1960	11673	2228	2229	6	2244	4
1961	11674	2229	2230	112	561	1
1962	11675	2231	2128	205	0	0
1963	11698	2233	2234	187	485	3
1964	11704	2235	2236	159	0	0
1965	11706	2238	2181	69	0	0
1966	11708	2240	2241	20	0	0
1967	11709	2241	2242	23	0	0
1968	11710	2243	2244	64	0	0
1969	11712	2245	2188	129	2244	2
1970	11713	2246	2247	145	0	0
1971	11714	2248	2249	41	0	0
1972	11715	2175	2176	64	0	0
1973	11716	2250	2251	33	1122	1
1974	11718	2195	2193	37	0	0
1975	11719	2035	2252	49	10262	5
1976	11720	2252	2197	72	0	0
1977	11721	2253	2175	150	4791	13
1978	11722	2034	2254	44	0	0
1979	11727	2258	2257	106	2620	1
1980	11738	2026	2259	43	0	0
1981	11741	2260	2261	244	1122	1
1982	11742	2262	2260	191	0	0
1983	11743	2263	2264	62	0	0
1984	11745	2265	2266	70	0	0
1985	11747	2267	2268	193	0	0
1986	11751	2270	2179	132	10090	19
1987	11752	2179	2271	37	3366	6
1988	11753	2180	2272	132	0	0
1989	11756	2269	2274	170	0	0
1990	11757	2275	2276	89	1309	2
1991	11766	2279	2280	92	3927	6
1992	11767	2281	2282	58	0	0
1993	11769	2029	2283	98	3928	3
1994	11771	2284	2285	1144	0	0
1995	11778	2286	2287	303	162	1
1996	11780	2288	2150	494	0	0
1997	11788	2290	2291	45	0	0
1998	11813	2294	2295	212	0	0
1999	11821	2172	2296	119	1046	4
2000	11838	2299	2300	879	0	0
2001	11840	2301	2047	44	680	2
2002	11847	2302	2303	789	0	0
2003	11850	2263	2262	12	0	0
2004	11852	2304	2305	105	0	0
2005	11853	2306	2307	578	0	0
2006	11854	2308	2309	220	0	0
2007	11858	2107	2278	863	0	0
2008	11863	2311	2277	636	655	1
2009	11870	2314	2315	125	1360	2
2010	11873	2316	2317	530	0	0
2011	11874	2318	2316	287	0	0
2012	11877	2320	2321	928	162	1
2013	11880	2323	2285	238	485	3
2014	11898	2325	2326	943	0	0
2015	11899	2327	2137	1107	0	0
2016	11905	2329	2330	96	0	0
2017	11906	2331	2332	79	0	0
2018	11907	2332	2333	80	0	0
2019	11908	2331	2334	331	0	0
2020	11911	2212	2215	97	0	0
2021	11912	2332	2335	329	0	0
2022	11921	2336	2337	549	0	0
2023	11937	2341	2342	254	0	0
2024	11942	2172	2250	12	0	0
2025	11952	2344	2345	18	0	0
2026	11954	2346	2344	72	2720	2
2027	11955	2347	2348	847	0	0
2028	11967	2099	2098	50	1472	2
2029	11969	2120	2352	136	0	0
2030	11977	2355	2109	7	0	0
2031	11978	2109	2356	70	0	0
2032	11996	2357	2358	26	0	0
2033	11997	2359	2360	68	0	0
2034	12000	2361	2078	53	0	0
2035	12002	2362	2363	54	0	0
2036	12027	2267	2102	12	0	0
2037	12029	2366	2367	50	0	0
2038	12030	2368	2177	36	0	0
2039	12031	2177	2366	41	0	0
2040	12033	2280	2094	31	0	0
2041	12036	2370	2111	48	0	0
2042	12037	2111	2371	29	0	0
2043	12082	2376	2377	77	0	0
2044	12086	2378	2379	698	0	0
2045	12088	2380	2381	172	0	0
2046	12110	2387	2388	34	5236	4
2047	12114	2374	2389	56	0	0
2048	12128	2392	2393	55	0	0
2049	12130	2394	2386	52	0	0
2050	12137	2395	2396	117	0	0
2051	12140	2397	2376	29	0	0
2052	12142	2376	2073	281	0	0
2053	12144	2398	2389	30	1802	2
2054	12145	2399	2400	703	0	0
2055	12152	2401	2360	171	0	0
2056	12153	2401	2357	90	3740	3
2057	12155	2390	2277	703	0	0
2058	12175	2367	2178	24	0	0
2059	12176	2178	2402	11	0	0
2060	12177	2402	2164	39	3366	6
2061	12180	2103	2267	16	0	0
2062	12197	2405	2328	61	0	0
2063	12230	2366	2116	39	0	0
2064	12242	2406	2407	100	0	0
2065	12251	2251	2410	104	646	4
2066	12257	2032	2275	4	0	0
2067	12258	2049	2033	91	3103	7
2068	12259	2412	2413	16	0	0
2069	12260	2412	2253	92	4862	6
2070	12262	2225	2414	104	0	0
2071	12268	2237	2415	233	561	1
2072	12279	2416	2417	53	0	0
2073	12280	2149	2418	135	2432	2
2074	12281	2418	2198	4	0	0
2075	12286	2159	2419	74	0	0
2076	12297	2420	2174	105	485	3
2077	12299	2421	2422	5	0	0
2078	12300	2422	2423	110	2363	3
2079	12301	2423	2424	22	12716	6
2080	12302	2424	2425	51	0	0
2081	12304	2130	2370	135	0	0
2082	12307	2048	2180	63	0	0
2083	12320	2415	2235	81	0	0
2084	12321	2259	2427	275	0	0
2085	12326	2428	2429	10	8386	11
2086	12336	2417	2430	31	8214	14
2087	12337	2244	2071	190	0	0
2088	12372	2433	2335	61	0	0
2089	12382	2434	2435	67	0	0
2090	12394	2439	2436	57	0	0
2091	12411	2363	2441	263	0	0
2092	12418	2152	2442	675	0	0
2093	12419	2089	2443	857	1964	3
2094	12421	2136	2444	1705	0	0
2095	12432	2447	2448	44	1122	2
2096	12439	2121	2449	329	0	0
2097	12449	2438	2451	80	1683	3
2098	12467	2121	2453	250	0	0
2099	12468	2104	2454	112	0	0
2100	12469	2104	2154	9	0	0
2101	12471	2105	2455	49	0	0
2102	12473	2320	2151	392	0	0
2103	12487	2055	2456	73	2432	2
2104	12488	2457	2458	64	0	0
2105	12489	2458	2459	248	1122	2
2106	12496	2460	2461	63	1122	2
2107	12511	2426	2462	22	2244	2
2108	12527	2463	2464	506	255	2
2109	12551	2225	2270	94	5339	21
2110	12570	2468	2469	87	2620	1
2111	12571	2469	2470	124	2729	4
2112	12575	2471	2472	253	0	0
2113	12577	2470	2473	75	0	0
2114	12581	2474	2475	129	0	0
2115	12595	2476	2477	173	561	1
2116	12606	2126	2124	337	0	0
2117	12658	2484	2485	489	162	1
2118	12664	2487	2488	94	2244	2
2119	12665	2488	2183	140	0	0
2120	12686	2489	2490	442	502	2
2121	12706	2373	2326	161	162	1
2122	12719	2463	2472	99	0	0
2123	12732	2493	2494	600	408	2
2124	12745	2496	2497	392	0	0
2125	12755	2498	2499	29	1122	2
2126	12763	2500	2501	718	1284	2
2127	12764	2201	2502	313	0	0
2128	12814	2505	2506	16	0	0
2129	12819	2507	2508	237	0	0
2130	12820	2508	2298	682	0	0
2131	12830	2057	2146	204	0	0
2132	12841	2052	2058	41	0	0
2133	12847	2511	2512	218	0	0
2134	12855	2513	2045	111	0	0
2135	12860	2515	2516	136	0	0
2136	12864	2416	2026	201	0	0
2137	12868	2143	2197	93	0	0
2138	12872	2058	2519	22	0	0
2139	12873	2519	2520	36	8208	15
2140	12877	2084	2521	46	0	0
2141	12878	2521	2522	18	4488	4
2142	12883	2523	2248	111	9563	20
2143	12884	2524	2063	102	3427	8
2144	12885	2063	2048	22	1309	2
2145	12886	2473	2439	141	2244	2
2146	12903	2330	2215	336	0	0
2147	12905	2335	2334	78	0	0
2148	12922	2527	2528	1560	0	0
2149	12924	2240	2529	78	1122	1
2150	12926	2530	2240	24	0	0
2151	12927	2242	2530	18	0	0
2152	12947	2231	2532	55	1122	2
2153	12949	2532	2369	16	0	0
2154	12950	2369	2533	22	0	0
2155	12951	2533	2532	22	0	0
2156	12959	2534	2169	139	0	0
2157	12961	2511	2367	146	0	0
2158	12999	2481	2409	748	0	0
2159	13003	2535	2536	1358	0	0
2160	13008	2537	2538	31	0	0
2161	13009	2539	2538	36	0	0
2162	13011	2397	2540	102	0	0
2163	13012	2540	2083	190	11186	10
2164	13013	2360	2541	94	0	0
2165	13029	2546	2547	107	0	0
2166	13034	2550	2395	228	2244	2
2167	13035	2549	2548	270	0	0
2168	13038	2552	2546	92	0	0
2169	13039	2546	2553	116	0	0
2170	13040	2550	2554	101	0	0
2171	13041	2554	2551	92	0	0
2172	13042	2554	2395	358	0	0
2173	13043	2555	2384	188	0	0
2174	13045	2556	2555	116	0	0
2175	13048	2114	2557	60	0	0
2176	13049	2041	2558	2602	0	0
2177	13057	2449	2560	607	0	0
2178	13065	2561	2562	210	0	0
2179	13067	2563	2564	802	0	0
2180	13072	2566	2567	97	0	0
2181	13073	2567	2568	116	0	0
2182	13076	2441	2568	102	0	0
2183	13084	2570	2571	82	1122	1
2184	13086	2564	2570	241	0	0
2185	13088	2537	2539	19	0	0
2186	13089	2302	2572	453	0	0
2187	13090	2303	2573	166	1683	3
2188	13097	2574	2575	1093	0	0
2189	13104	2577	2500	172	0	0
2190	13105	2501	2265	150	0	0
2191	13111	2306	2471	889	0	0
2192	13112	2307	2578	924	0	0
2193	13113	2578	2311	747	0	0
2194	13115	2579	2539	931	0	0
2195	13118	2580	2581	277	0	0
2196	13119	2375	2084	126	0	0
2197	13120	2084	2582	130	0	0
2198	13126	2584	2096	514	0	0
2199	13127	2359	2585	33	0	0
2200	13128	2585	2586	144	0	0
2201	13129	2586	2540	62	0	0
2202	13131	2584	2309	31	655	1
2203	13133	2587	2310	86	0	0
2204	13135	2455	2588	69	1310	1
2205	13137	2575	2455	93	0	0
2206	13144	2589	2590	283	0	0
2207	13145	2590	2591	173	0	0
2208	13146	2459	2592	154	0	0
2209	13147	2592	2258	87	0	0
2210	13148	2232	2479	299	0	0
2211	13149	2257	2256	213	561	1
2212	13150	2255	2034	75	0	0
2213	13152	2590	2478	250	561	1
2214	13165	2593	2594	72	366	2
2215	13171	2541	2586	99	1335	2
2216	13172	2586	2582	51	0	0
2217	13174	2386	2376	600	0	0
2218	13196	2515	2553	50	561	1
2219	13197	2553	2396	297	0	0
2220	13198	2552	2382	158	0	0
2221	13199	2516	2595	389	0	0
2222	13200	2516	2596	291	0	0
2223	13203	2597	2598	110	0	0
2224	13206	2600	2445	238	0	0
2225	13208	2390	2399	123	0	0
2226	13214	2385	2555	34	0	0
2227	13236	2313	2599	631	0	0
2228	13237	2599	2568	239	0	0
2229	13238	2601	2602	112	1310	1
2230	13243	2603	2381	176	0	0
2231	13245	2400	2384	988	0	0
2232	13246	2400	2378	65	0	0
2233	13247	2378	2381	792	0	0
2234	13259	2327	2605	603	0	0
2235	13263	2561	2606	1056	0	0
2236	13271	2607	2318	429	0	0
2237	13272	2318	2442	1082	0	0
2238	13275	2317	2608	90	0	0
2239	13276	2567	2362	56	0	0
2240	13277	2609	2610	19	0	0
2241	13289	2483	2611	285	0	0
2242	13292	2569	2564	970	0	0
2243	13293	2362	2566	102	0	0
2244	13295	2609	2612	16	0	0
2245	13297	2612	2610	12	0	0
2246	13306	2453	2284	249	0	0
2247	13312	2614	2238	765	0	0
2248	13314	2614	2182	1005	0	0
2249	13334	2319	2617	551	0	0
2250	13336	2288	2617	146	0	0
2251	13337	2617	2320	237	0	0
2252	13338	2618	2619	445	0	0
2253	13339	2620	2618	31	0	0
2254	13340	2321	2621	291	0	0
2255	13341	2618	2622	544	0	0
2256	13342	2622	2621	153	0	0
2257	13343	2621	2623	1475	0	0
2258	13344	2620	2612	958	0	0
2259	13349	2514	2513	117	0	0
2260	13350	2513	2624	154	0	0
2261	13351	2624	2625	94	0	0
2262	13352	2625	2626	616	0	0
2263	13355	2491	2627	1486	0	0
2264	13363	2295	2103	113	0	0
2265	13379	2628	2629	104	3366	3
2266	13389	2578	2579	41	0	0
2267	13390	2630	2631	95	2244	2
2268	13391	2631	2145	115	162	1
2269	13394	2589	2372	197	0	0
2270	13395	2478	2632	140	0	0
2271	13396	2457	2056	116	0	0
2272	13400	2633	2634	74	162	1
2273	13403	2591	2632	274	0	0
2274	13405	2459	2591	136	0	0
2275	13453	2635	2509	60	2244	1
2276	13464	2636	2347	69	0	0
2277	13468	2074	2637	105	561	1
2278	13471	218	1077	47	0	0
2279	13472	218	2638	49	0	0
2280	13474	2638	560	12	0	0
2281	13484	2639	2466	771	0	0
2282	13490	2372	2640	240	0	0
2283	13491	2640	2641	167	0	0
2284	13492	2641	2604	222	680	2
2285	13493	2604	2258	462	2618	2
2286	13495	2640	2642	147	1122	2
2287	13496	2642	2590	139	0	0
2288	13499	2557	2559	684	162	1
2289	13506	2210	2327	235	0	0
2290	13508	2347	2351	219	0	0
2291	13532	2405	2335	96	0	0
2292	13533	2334	2217	31	0	0
2293	13535	2524	2643	95	1309	2
2294	13539	2410	2029	49	0	0
2295	13542	2645	2646	55	1122	2
2296	13544	2486	2487	12	0	0
2297	13556	2611	2647	163	366	2
2298	13557	2647	2483	130	0	0
2299	13562	2648	2649	22	0	0
2300	13566	2649	2650	261	238	2
2301	13617	2408	2512	196	0	0
2302	13621	2652	2474	100	1122	1
2303	13624	2381	2653	1025	0	0
2304	13625	2654	2355	403	561	1
2305	13655	2473	2655	81	3273	5
2306	13684	2587	2658	459	561	1
2307	13692	2659	2595	595	561	1
2308	13704	2563	2651	195	0	0
2309	13705	2651	2662	89	2618	2
2310	13756	2606	2664	142	561	1
2311	13778	2665	2666	78	4744	7
2312	13808	560	1077	4	0	0
2313	13811	2454	2392	70	366	2
2314	13818	2324	2667	94	1309	2
2315	13836	2535	2234	223	0	0
2316	13912	2080	2228	56	0	0
2317	13914	2670	2671	31	0	0
2318	13915	2671	2250	25	4676	4
2319	13916	2672	2673	105	2244	4
2320	13917	2673	2674	98	4676	4
2321	13971	2125	2676	175	1472	2
2322	13989	2506	2141	172	5236	4
2323	13994	2678	2679	48	2618	2
2324	13999	2352	2353	36	0	0
2325	14009	2272	2680	5	0	0
2326	14010	2680	2059	22	485	3
2327	14015	2230	2066	66	1607	4
2328	14016	2066	2223	96	10583	6
2329	14021	2247	2681	4	0	0
2330	14022	2681	2249	73	5610	4
2331	14024	2425	2069	43	0	0
2332	14025	2069	2682	138	0	0
2333	14026	2683	2236	34	0	0
2334	14028	2236	2684	71	2244	2
2335	14030	2685	2686	167	4188	12
2336	14031	2686	2687	62	1122	2
2337	14032	2186	2687	68	485	3
2338	14033	2687	2685	24	0	0
2339	14034	2190	2067	118	0	0
2340	14040	2073	2074	11	0	0
2341	14041	2677	2133	3	0	0
2342	14042	2132	2677	11	0	0
2343	14059	2688	2689	401	0	0
2344	14064	2574	2168	578	0	0
2345	14066	2690	2542	429	0	0
2346	14068	2525	2266	370	0	0
2347	14071	2304	2691	239	1122	2
2348	14072	2691	2299	286	0	0
2349	14090	2692	2264	99	561	1
2350	14095	2305	2507	675	0	0
2351	14097	2595	2690	1156	0	0
2352	14120	2693	2688	97	3264	6
2353	14135	2138	2694	44	323	2
2354	14144	2598	2596	341	0	0
2355	14154	2254	2695	99	5236	2
2356	14169	2569	2363	273	366	2
2357	14178	2610	2122	743	0	0
2358	14179	2122	2613	270	0	0
2359	14185	2675	2696	958	162	1
2360	14186	2696	2040	136	0	0
2361	14212	2698	2576	213	0	0
2362	14220	2528	2661	619	1122	2
2363	14221	2698	2699	377	1683	3
2364	14222	2699	2528	61	0	0
2365	14228	2382	2547	77	485	3
2366	14229	2547	2515	42	0	0
2367	14241	2700	2701	766	1122	2
2368	14257	2297	2702	604	0	0
2369	14262	2632	2457	145	0	0
2370	14283	2339	2703	294	1122	2
2371	14293	2704	2492	217	655	1
2372	14313	2705	2706	361	561	1
2373	14355	2502	2708	375	680	1
2374	14356	2708	2531	125	0	0
2375	14357	2709	2298	522	0	0
2376	14359	2709	2507	943	0	0
2377	14360	2709	2300	109	0	0
2378	14361	2710	2706	20	0	0
2379	14362	2710	2711	227	485	3
2380	14375	2440	2391	35	0	0
2381	14376	2391	2712	43	0	0
2382	14377	2712	2047	6	0	0
2383	14386	2535	2468	389	0	0
2384	14393	2697	2714	104	2618	2
2385	14395	2343	2715	193	0	0
2386	14396	2715	2716	109	0	0
2387	14409	2717	2572	380	561	1
2388	14413	2717	2656	150	340	1
2389	14416	2467	2708	447	0	0
2390	14417	2467	2718	419	0	0
2391	14421	2531	2340	89	0	0
2392	14422	2508	2465	246	0	0
2393	14423	2305	2577	907	0	0
2394	14425	2507	2465	244	2780	5
2395	14448	2205	2206	271	0	0
2396	14449	2206	2689	1189	0	0
2397	14450	2689	2653	34	0	0
2398	14454	2719	2406	110	655	1
2399	14456	2496	2654	96	0	0
2400	14457	2188	2247	79	0	0
2401	14458	2249	2175	82	2108	10
2402	14459	2720	2246	76	0	0
2403	14460	2246	2245	76	0	0
2404	14482	2371	2721	250	0	0
2405	14486	2349	2435	216	0	0
2406	14487	2435	2204	30	1377	3
2407	14489	2715	2722	18	0	0
2408	14502	2723	2724	91	2244	2
2409	14509	2218	2725	954	0	0
2410	14511	2725	2726	84	0	0
2411	14527	2726	2292	268	0	0
2412	14532	2727	2728	227	0	0
2413	14568	2214	2730	85	561	1
2414	14569	2216	2433	109	0	0
2415	14570	2433	2328	97	6732	3
2416	14577	2731	2615	596	2244	2
2417	14579	2716	2291	72	0	0
2418	14580	2291	2352	29	0	0
2419	14582	2290	2722	181	0	0
2420	14597	2732	2370	169	0	0
2421	14603	2551	2552	62	0	0
2422	14615	2627	2626	1353	0	0
2423	14618	2239	2181	14	0	0
2424	14621	2235	2241	49	0	0
2425	14622	2190	2529	6	0	0
2426	14625	2721	2279	193	0	0
2427	14627	2191	2431	91	0	0
2428	14638	2244	2672	78	0	0
2429	14647	2623	2218	251	0	0
2430	14694	2581	2491	1213	0	0
2431	14695	2293	2482	103	0	0
2432	14700	2444	2086	488	0	0
2433	14701	2625	2581	46	0	0
2434	14709	2295	2406	234	0	0
2435	14713	2634	2733	30	0	0
2436	14718	2733	2734	48	162	1
2437	14721	2523	2271	89	7099	10
2438	14722	2411	2682	54	0	0
2439	14723	2682	2735	18	3928	3
2440	14725	2143	2142	94	14402	8
2441	14726	2142	2416	155	0	0
2442	14728	2259	2231	169	0	0
2443	14729	2505	2050	77	0	0
2444	14731	2140	2281	9	0	0
2445	14732	2282	2630	188	655	1
2446	14733	2630	2420	39	0	0
2447	14735	2145	2050	43	0	0
2448	14736	2736	2269	113	0	0
2449	14737	2269	2737	88	0	0
2450	14740	2371	2279	90	0	0
2451	14741	2279	2738	87	0	0
2452	14742	2738	2739	86	2244	1
2453	14743	2739	2460	12	0	0
2454	14746	2296	2740	56	0	0
2455	14747	2740	2130	119	0	0
2456	14748	2421	2670	51	1310	1
2457	14749	2425	2411	88	6732	3
2458	14750	2722	2741	87	561	1
2459	14751	2245	2683	105	1683	3
2460	14752	2742	2497	32	0	0
2461	14753	2497	2192	195	4610	3
2462	14754	2296	2743	193	0	0
2463	14755	2742	2743	66	0	0
2464	14756	2743	2732	78	0	0
2465	14757	2744	2246	117	2499	7
2466	14759	2270	2745	51	561	1
2467	14760	2746	2744	72	1122	1
2468	14761	2414	2746	99	408	2
2469	14762	2746	2747	63	1216	2
2470	14763	2720	2523	9	0	0
2471	14764	2271	2253	15	1122	2
2472	14767	2268	2407	63	0	0
2473	14768	2407	2223	84	901	2
2474	14769	2268	2737	27	561	1
2475	14770	2737	2200	208	3179	3
2476	14771	2200	2748	104	2618	4
2477	14772	2748	2749	6	0	0
2478	14774	2273	2748	75	0	0
2479	14775	2274	2273	80	0	0
2480	14776	2274	2200	92	0	0
2481	14777	2289	2750	35	162	1
2482	14817	2751	2281	120	2620	1
2483	14819	2740	2752	73	162	1
2484	14820	2752	2732	64	0	0
2485	14823	2356	2753	80	1122	1
2486	14824	2356	2192	62	0	0
2487	14827	2747	2720	72	2261	5
2488	14847	2480	2754	209	0	0
2489	14848	2754	2481	105	0	0
2490	14853	2456	2056	37	0	0
2491	14864	2338	2115	249	0	0
2492	14882	2600	2336	372	0	0
2493	14883	2471	2307	952	0	0
2494	14890	2751	2171	82	2805	2
2495	14891	2745	2746	39	0	0
2496	14893	2354	2297	10	0	0
2497	14894	2393	2303	172	0	0
2498	14899	2596	2595	259	0	0
2499	14900	2597	2596	236	0	0
2500	14908	2060	2225	11	0	0
2501	14911	2728	2723	86	0	0
2502	14934	2755	2756	96	1683	2
2503	14946	2757	2758	68	1360	2
2504	14998	2602	2380	43	0	0
2505	15017	2421	2176	61	646	4
2506	15026	2504	2536	1290	0	0
2507	15035	2338	2759	99	2244	2
2508	15044	2760	2761	97	1964	3
2509	15047	2754	2762	409	162	1
2510	15061	2083	2074	51	1122	1
2511	15062	2361	2359	82	408	2
2512	15074	2364	2385	802	0	0
2513	15076	2383	2475	53	0	0
2514	15077	2475	2763	46	1310	1
2515	15080	2147	2148	115	3094	7
2516	15081	2148	2198	68	0	0
2517	15083	2663	2764	95	0	0
2518	15084	2764	2765	139	3273	5
2519	15103	2730	2216	31	0	0
2520	15131	2635	2766	12	0	0
2521	15132	2766	2767	69	1122	2
2522	15135	2446	2526	467	94	1
2523	15224	2583	2593	192	0	0
2524	15226	2086	2341	1960	0	0
2525	15229	2700	2342	628	0	0
2526	15230	2342	2239	381	0	0
2527	15235	2452	2713	126	655	1
2528	15236	2712	2452	47	2244	3
2529	15239	2096	2076	298	0	0
2530	15240	2076	2361	84	0	0
2531	15241	2375	2374	163	0	0
2532	15249	2358	2541	159	0	0
2533	15268	2476	2605	235	0	0
2534	15298	2351	2702	139	0	0
2535	15299	2636	2025	161	4488	2
2536	15300	2353	2219	8	0	0
2537	15319	2403	2768	31	1310	1
2538	15346	2365	2654	45	0	0
2539	15347	2410	2742	125	3930	1
2540	15351	2276	2645	185	1122	2
2541	15353	2733	2678	37	0	0
2542	15355	2749	2272	40	0	0
2543	15356	2749	2524	37	0	0
2544	15362	2769	2294	20	1530	2
2545	15367	2511	2160	20	0	0
2546	15380	2592	2770	175	1122	2
2547	15381	2770	2055	54	0	0
2548	15383	2256	2771	30	0	0
2549	15384	2771	2255	85	2244	4
2550	15385	2057	2053	74	0	0
2551	15390	2660	2690	518	2244	3
2552	15398	2668	2718	522	3366	3
2553	15433	2033	2413	74	2431	3
2554	15442	2517	2427	73	561	1
2555	15443	2517	2772	115	561	1
2556	15488	2450	2166	204	485	3
2557	-1	816	812	1	0	0
2558	-2	1972	1973	1	0	0
2559	-3	0	1	99	0	0
2560	-7	113	1438	1331	0	0
2561	-8	9	766	79	0	0
2562	-9	10	695	84	0	0
2563	-15	17	1275	490	0	0
2564	-18	19	18	555	0	0
2565	-21	1017	20	1385	0	0
2566	-25	21	1295	78	0	0
2567	-33	47	1416	194	0	0
2568	-36	66	65	200	0	0
2569	-37	67	1707	6131	0	0
2570	-41	87	1478	94	0	0
2571	-42	88	128	32	0	0
2572	-57	101	100	154	0	0
2573	-60	104	1194	122	0	0
2574	-63	110	111	26	0	0
2575	-65	114	115	385	0	0
2576	-68	135	986	170	0	0
2577	-70	1422	1840	673	0	0
2578	-76	831	998	313	0	0
2579	-80	149	1047	219	0	0
2580	-92	152	623	624	0	0
2581	-98	150	1860	178	0	0
2582	-100	174	172	181	0	0
2583	-104	175	362	195	0	0
2584	-108	173	179	3824	0	0
2585	-109	173	180	993	0	0
2586	-119	188	211	153	0	0
2587	-121	191	234	407	0	0
2588	-125	417	503	609	0	0
2589	-132	205	895	1204	0	0
2590	-138	213	212	416	0	0
2591	-141	217	218	464	0	0
2592	-145	222	605	1462	0	0
2593	-146	223	1074	1831	0	0
2594	-149	227	228	326	0	0
2595	-150	241	244	35	0	0
2596	-151	245	1932	61	0	0
2597	-152	246	372	404	0	0
2598	-154	248	483	758	0	0
2599	-160	726	877	1055	0	0
2600	-161	257	440	223	0	0
2601	-162	257	883	132	0	0
2602	-164	413	1615	662	0	0
2603	-170	275	202	860	0	0
2604	-172	277	1276	306	0	0
2605	-174	280	557	119	0	0
2606	-175	285	66	549	0	0
2607	-177	285	286	634	0	0
2608	-178	289	290	69	0	0
2609	-185	14	893	291	0	0
2610	-188	1347	308	276	0	0
2611	-189	138	311	76	0	0
2612	-199	324	1522	773	0	0
2613	-202	325	1660	184	0	0
2614	-204	331	314	305	0	0
2615	-206	297	299	135	0	0
2616	-207	335	298	512	0	0
2617	-211	669	336	925	0	0
2618	-214	353	90	708	0	0
2619	-215	358	404	693	0	0
2620	-216	359	360	484	0	0
2621	-219	624	363	282	0	0
2622	-226	374	247	181	0	0
2623	-227	375	377	407	0	0
2624	-230	246	381	222	0	0
2625	-234	387	1198	821	0	0
2626	-235	390	371	708	0	0
2627	-237	476	398	365	0	0
2628	-239	597	400	705	0	0
2629	-242	408	406	116	0	0
2630	-246	262	461	88	0	0
2631	-247	191	414	178	0	0
2632	-249	419	417	169	0	0
2633	-254	426	425	141	0	0
2634	-256	430	1959	1019	0	0
2635	-259	436	697	20	0	0
2636	-262	137	447	41	0	0
2637	-263	451	1441	1806	0	0
2638	-267	415	191	161	0	0
2639	-270	412	249	386	0	0
2640	-280	182	190	552	0	0
2641	-283	463	462	361	0	0
2642	-284	468	1910	544	0	0
2643	-293	520	469	1708	0	0
2644	-295	462	464	271	0	0
2645	-296	475	405	186	0	0
2646	-297	480	271	524	0	0
2647	-298	485	1201	311	0	0
2648	-304	247	487	387	0	0
2649	-305	247	252	249	0	0
2650	-311	492	490	269	0	0
2651	-317	478	513	267	0	0
2652	-326	529	660	907	0	0
2653	-332	531	1299	1330	0	0
2654	-339	534	533	2005	0	0
2655	-344	540	541	151	0	0
2656	-346	361	269	1215	0	0
2657	-347	548	608	280	0	0
2658	-348	548	1760	180	0	0
2659	-351	548	550	504	0	0
2660	-353	556	770	78	0	0
2661	-356	1724	272	1360	0	0
2662	-358	563	513	1043	0	0
2663	-360	565	564	510	0	0
2664	-361	522	575	819	0	0
2665	-362	370	1918	388	0	0
2666	-363	579	395	102	0	0
2667	-365	583	544	330	0	0
2668	-368	248	484	809	0	0
2669	-370	594	1105	127	0	0
2670	-371	595	1594	299	0	0
2671	-373	600	703	45	0	0
2672	-378	603	208	147	0	0
2673	-382	605	604	1561	0	0
2674	-383	223	216	1279	0	0
2675	-384	604	214	482	0	0
2676	-389	608	549	246	0	0
2677	-392	612	613	78	0	0
2678	-393	614	826	158	0	0
2679	-403	631	286	305	0	0
2680	-404	219	208	1272	0	0
2681	-405	369	384	1291	0	0
2682	-407	635	799	297	0	0
2683	-409	635	1391	1332	0	0
2684	-410	636	799	1400	0	0
2685	-411	639	640	602	0	0
2686	-412	535	771	223	0	0
2687	-419	470	995	1219	0	0
2688	-421	470	641	1248	0	0
2689	-423	655	1459	724	0	0
2690	-424	656	115	53	0	0
2691	-428	1604	665	1968	0	0
2692	-429	174	366	74	0	0
2693	-431	664	987	1606	0	0
2694	-433	672	1563	630	0	0
2695	-436	713	673	283	0	0
2696	-437	1301	674	486	0	0
2697	-439	1389	678	2144	0	0
2698	-440	898	634	2161	0	0
2699	-442	680	1593	1658	0	0
2700	-447	143	680	510	0	0
2701	-448	163	681	562	0	0
2702	-449	682	1652	1109	0	0
2703	-450	703	1304	1100	0	0
2704	-453	706	53	302	0	0
2705	-454	707	683	837	0	0
2706	-455	707	1314	1927	0	0
2707	-456	317	1176	703	0	0
2708	-457	708	709	197	0	0
2709	-460	703	601	62	0	0
2710	-461	715	698	379	0	0
2711	-462	254	591	1151	0	0
2712	-463	590	254	1036	0	0
2713	-471	370	335	938	0	0
2714	-473	732	1929	270	0	0
2715	-474	414	765	1158	0	0
2716	-477	734	735	178	0	0
2717	-478	738	1821	83	0	0
2718	-479	739	98	254	0	0
2719	-481	747	373	464	0	0
2720	-492	760	1520	314	0	0
2721	-494	271	660	1678	0	0
2722	-495	745	712	496	0	0
2723	-499	536	914	1002	0	0
2724	-501	331	1302	309	0	0
2725	-504	781	1738	113	0	0
2726	-509	1413	1217	1776	0	0
2727	-512	566	514	767	0	0
2728	-516	303	800	203	0	0
2729	-520	725	508	53	0	0
2730	-522	151	149	270	0	0
2731	-523	826	827	302	0	0
2732	-525	821	627	195	0	0
2733	-527	834	1288	108	0	0
2734	-532	846	1412	970	0	0
2735	-535	752	1453	984	0	0
2736	-537	555	744	185	0	0
2737	-538	848	1895	233	0	0
2738	-539	850	829	37	0	0
2739	-543	852	851	1095	0	0
2740	-547	855	854	435	0	0
2741	-550	860	861	1560	0	0
2742	-552	860	1025	927	0	0
2743	-553	866	865	649	0	0
2744	-556	655	855	956	0	0
2745	-564	439	876	86	0	0
2746	-566	590	977	1203	0	0
2747	-569	80	663	377	0	0
2748	-575	880	881	276	0	0
2749	-582	886	972	575	0	0
2750	-585	693	1732	402	0	0
2751	-588	586	300	2325	0	0
2752	-593	334	300	1062	0	0
2753	-594	893	15	736	0	0
2754	-595	484	474	966	0	0
2755	-608	897	898	1108	0	0
2756	-612	541	1970	83	0	0
2757	-614	902	1305	734	0	0
2758	-619	11	904	296	0	0
2759	-620	908	1461	77	0	0
2760	-621	313	917	228	0	0
2761	-627	460	802	2038	0	0
2762	-630	29	1283	944	0	0
2763	-631	920	921	441	0	0
2764	-632	922	1030	961	0	0
2765	-633	410	408	105	0	0
2766	-637	927	928	1292	0	0
2767	-640	758	42	1051	0	0
2768	-641	651	108	96	0	0
2769	-650	864	94	454	0	0
2770	-651	947	953	586	0	0
2771	-653	952	2018	175	0	0
2772	-654	106	1429	133	0	0
2773	-655	959	960	42	0	0
2774	-656	796	313	544	0	0
2775	-658	435	968	417	0	0
2776	-664	1110	959	185	0	0
2777	-667	969	1500	323	0	0
2778	-668	974	876	105	0	0
2779	-669	439	975	517	0	0
2780	-672	978	979	124	0	0
2781	-675	1711	1352	260	0	0
2782	-676	982	983	175	0	0
2783	-677	103	133	526	0	0
2784	-678	984	985	227	0	0
2785	-685	516	729	1376	0	0
2786	-686	468	512	483	0	0
2787	-691	991	992	370	0	0
2788	-692	996	1064	618	0	0
2789	-695	1017	1297	1402	0	0
2790	-696	1532	596	882	0	0
2791	-702	1021	1020	1595	0	0
2792	-703	145	930	1635	0	0
2793	-704	1023	1118	1027	0	0
2794	-706	1028	1056	297	0	0
2795	-707	1030	1056	50	0	0
2796	-710	1920	561	213	0	0
2797	-714	164	679	1238	0	0
2798	-721	1300	1055	1146	0	0
2799	-723	775	795	1692	0	0
2800	-726	1065	1303	365	0	0
2801	-728	1366	877	725	0	0
2802	-730	901	1281	361	0	0
2803	-732	1084	326	72	0	0
2804	-738	749	908	129	0	0
2805	-743	40	1097	222	0	0
2806	-744	1098	1100	109	0	0
2807	-748	1106	1107	123	0	0
2808	-749	1097	1149	310	0	0
2809	-751	1311	775	604	0	0
2810	-752	1113	1340	371	0	0
2811	-756	1119	648	267	0	0
2812	-757	1469	864	201	0	0
2813	-758	1120	1121	38	0	0
2814	-759	1120	1121	33	0	0
2815	-762	606	309	1781	0	0
2816	-764	1134	1132	159	0	0
2817	-766	1134	1699	361	0	0
2818	-768	1137	1150	146	0	0
2819	-771	1150	1142	197	0	0
2820	-772	495	507	660	0	0
2821	-773	1163	1365	140	0	0
2822	-774	1535	1021	1459	0	0
2823	-779	1177	1178	997	0	0
2824	-780	1178	1935	1168	0	0
2825	-782	546	1178	1626	0	0
2826	-792	1182	1609	2712	0	0
2827	-793	842	1909	292	0	0
2828	-794	360	1183	921	0	0
2829	-796	1197	1198	220	0	0
2830	-798	1199	387	692	0	0
2831	-799	1207	311	135	0	0
2832	-800	1625	948	123	0	0
2833	-803	1162	1145	160	0	0
2834	-807	687	1708	394	0	0
2835	-810	1276	283	2160	0	0
2836	-812	1248	48	162	0	0
2837	-813	971	1251	489	0	0
2838	-814	1149	1146	105	0	0
2839	-815	83	39	70	0	0
2840	-816	1257	1240	238	0	0
2841	-817	1264	594	51	0	0
2842	-819	1271	73	67	0	0
2843	-824	213	292	218	0	0
2844	-825	201	202	390	0	0
2845	-827	278	279	74	0	0
2846	-829	1749	689	1270	0	0
2847	-830	689	592	857	0	0
2848	-833	474	592	1005	0	0
2849	-838	13	336	1604	0	0
2850	-839	531	532	1142	0	0
2851	-840	206	196	2416	0	0
2852	-841	1274	882	1040	0	0
2853	-844	221	352	838	0	0
2854	-845	1392	352	1007	0	0
2855	-850	1114	372	1201	0	0
2856	-851	1773	1233	358	0	0
2857	-853	1278	1718	1244	0	0
2858	-858	1554	598	781	0	0
2859	-861	642	641	585	0	0
2860	-863	683	316	364	0	0
2861	-864	833	142	836	0	0
2862	-866	1294	1293	977	0	0
2863	-867	1297	1295	1322	0	0
2864	-868	1297	20	114	0	0
2865	-872	1302	1621	126	0	0
2866	-873	933	923	475	0	0
2867	-874	1064	430	1825	0	0
2868	-877	167	183	152	0	0
2869	-880	1323	159	184	0	0
2870	-881	1324	150	280	0	0
2871	-882	323	832	134	0	0
2872	-887	336	1333	1311	0	0
2873	-889	1596	1334	673	0	0
2874	-893	1343	1266	1677	0	0
2875	-895	890	1732	88	0	0
2876	-896	55	1739	55	0	0
2877	-897	1219	1779	131	0	0
2878	-898	1278	685	409	0	0
2879	-899	302	545	297	0	0
2880	-902	895	1740	1129	0	0
2881	-909	606	457	1048	0	0
2882	-910	1395	607	1137	0	0
2883	-911	1389	253	2131	0	0
2884	-912	898	224	607	0	0
2885	-913	201	1390	935	0	0
2886	-914	196	202	3469	0	0
2887	-917	207	896	1583	0	0
2888	-918	1394	458	1981	0	0
2889	-919	678	253	793	0	0
2890	-920	1755	284	1056	0	0
2891	-923	799	216	2370	0	0
2892	-925	1446	1438	2626	0	0
2893	-926	1203	880	3642	0	0
2894	-928	1855	89	1151	0	0
2895	-929	1420	1421	118	0	0
2896	-930	1422	1423	108	0	0
2897	-931	1215	1518	95	0	0
2898	-936	1427	443	669	0	0
2899	-937	1428	1429	156	0	0
2900	-938	1430	107	320	0	0
2901	-939	1431	115	215	0	0
2902	-941	1432	853	1655	0	0
2903	-942	1439	102	132	0	0
2904	-946	1442	451	1169	0	0
2905	-949	701	1442	336	0	0
2906	-951	1469	701	145	0	0
2907	-952	983	119	396	0	0
2908	-955	752	750	204	0	0
2909	-956	1454	1411	1144	0	0
2910	-960	1455	1633	673	0	0
2911	-961	1459	1432	788	0	0
2912	-964	47	1466	178	0	0
2913	-970	1462	1419	294	0	0
2914	-971	311	1476	160	0	0
2915	-973	102	719	491	0	0
2916	-974	1480	1481	1109	0	0
2917	-976	721	1209	77	0	0
2918	-979	1489	1417	2966	0	0
2919	-981	699	452	489	0	0
2920	-985	1451	1490	46	0	0
2921	-986	1446	1441	222	0	0
2922	-988	1820	989	1904	0	0
2923	-993	1792	469	1863	0	0
2924	-994	1491	734	160	0	0
2925	-995	1824	970	560	0	0
2926	-997	1492	970	119	0	0
2927	-1004	1796	1495	543	0	0
2928	-1005	1501	1502	132	0	0
2929	-1006	1494	1504	218	0	0
2930	-1007	1054	697	1101	0	0
2931	-1008	1543	805	1013	0	0
2932	-1009	528	1032	6290	0	0
2933	-1010	1508	1057	6261	0	0
2934	-1011	271	852	866	0	0
2935	-1013	1304	674	654	0	0
2936	-1015	1480	1507	46	0	0
2937	-1016	1517	1515	280	0	0
2938	-1020	1530	160	692	0	0
2939	-1025	1528	929	1056	0	0
2940	-1026	1531	1532	263	0	0
2941	-1029	1533	998	375	0	0
2942	-1030	1535	1096	225	0	0
2943	-1032	1539	161	2452	0	0
2944	-1033	162	997	159	0	0
2945	-1039	599	1681	429	0	0
2946	-1045	437	1513	381	0	0
2947	-1046	1556	856	216	0	0
2948	-1047	1025	1304	540	0	0
2949	-1051	1562	665	788	0	0
2950	-1055	1065	161	2060	0	0
2951	-1057	1088	1770	489	0	0
2952	-1058	1569	1879	84	0	0
2953	-1060	1176	1082	232	0	0
2954	-1061	1080	990	101	0	0
2955	-1063	1296	1303	754	0	0
2956	-1066	1576	436	338	0	0
2957	-1067	1023	1025	721	0	0
2958	-1068	851	1558	682	0	0
2959	-1070	593	147	1014	0	0
2960	-1071	644	1335	661	0	0
2961	-1073	1520	927	1860	0	0
2962	-1076	871	44	1101	0	0
2963	-1077	1331	698	1364	0	0
2964	-1078	152	1088	269	0	0
2965	-1081	1582	1332	518	0	0
2966	-1084	1584	1585	136	0	0
2967	-1085	1537	1587	124	0	0
2968	-1086	1115	1934	124	0	0
2969	-1087	1582	18	1467	0	0
2970	-1093	1541	647	1530	0	0
2971	-1095	1524	928	1272	0	0
2972	-1096	1308	539	1938	0	0
2973	-1099	1603	1529	1851	0	0
2974	-1102	194	229	150	0	0
2975	-1105	1628	1629	131	0	0
2976	-1109	528	1622	296	0	0
2977	-1110	1636	1638	139	0	0
2978	-1111	1651	323	117	0	0
2979	-1112	588	583	100	0	0
2980	-1114	1658	658	196	0	0
2981	-1115	1167	1660	21	0	0
2982	-1116	1167	330	28	0	0
2983	-1117	933	1050	2806	0	0
2984	-1121	708	914	887	0	0
2985	-1123	113	749	310	0	0
2986	-1124	1127	209	43	0	0
2987	-1125	709	1080	214	0	0
2988	-1127	386	1183	451	0	0
2989	-1129	1065	1540	1568	0	0
2990	-1130	806	1548	46	0	0
2991	-1133	297	1335	1814	0	0
2992	-1135	1677	1673	824	0	0
2993	-1138	162	424	2355	0	0
2994	-1139	1678	428	204	0	0
2995	-1140	1553	1551	118	0	0
2996	-1141	97	525	72	0	0
2997	-1145	1298	1027	1888	0	0
2998	-1148	402	404	314	0	0
2999	-1149	1627	1141	98	0	0
3000	-1150	1701	1737	62	0	0
3001	-1151	36	885	244	0	0
3002	-1152	1625	1252	245	0	0
3003	-1153	1625	959	268	0	0
3004	-1154	1704	1252	139	0	0
3005	-1157	1015	253	1040	0	0
3006	-1161	1358	1380	194	0	0
3007	-1162	894	1523	1047	0	0
3008	-1163	289	790	62	0	0
3009	-1165	894	663	2482	0	0
3010	-1166	1712	1713	72	0	0
3011	-1169	257	884	231	0	0
3012	-1171	687	1232	1186	0	0
3013	-1172	1358	1715	449	0	0
3014	-1173	181	80	837	0	0
3015	-1174	1718	1277	1749	0	0
3016	-1175	881	1720	99	0	0
3017	-1185	1726	295	1127	0	0
3018	-1186	1727	291	1107	0	0
3019	-1187	1727	293	935	0	0
3020	-1188	280	1230	99	0	0
3021	-1189	1730	1276	91	0	0
3022	-1190	76	1105	107	0	0
3023	-1191	1628	1135	58	0	0
3024	-1192	1629	2003	86	0	0
3025	-1195	1251	1371	609	0	0
3026	-1197	783	1281	273	0	0
3027	-1198	272	273	489	0	0
3028	-1201	332	1311	763	0	0
3029	-1202	776	778	106	0	0
3030	-1205	592	977	738	0	0
3031	-1206	188	209	481	0	0
3032	-1207	594	1219	344	0	0
3033	-1208	934	886	1436	0	0
3034	-1210	332	81	355	0	0
3035	-1212	1761	1704	674	0	0
3036	-1215	1762	449	4980	0	0
3037	-1219	459	1745	352	0	0
3038	-1220	1762	977	211	0	0
3039	-1221	1162	967	148	0	0
3040	-1222	310	1399	487	0	0
3041	-1224	440	1113	567	0	0
3042	-1225	1723	1131	1203	0	0
3043	-1226	204	199	1358	0	0
3044	-1227	203	1740	1635	0	0
3045	-1228	274	203	1013	0	0
3046	-1230	1763	637	505	0	0
3047	-1233	281	882	678	0	0
3048	-1234	1721	1718	2481	0	0
3049	-1235	1722	1719	280	0	0
3050	-1236	1273	1131	475	0	0
3051	-1237	1232	663	1064	0	0
3052	-1238	810	1879	50	0	0
3053	-1240	219	895	1526	0	0
3054	-1241	1126	1754	491	0	0
3055	-1242	296	293	580	0	0
3056	-1243	1728	1723	1648	0	0
3057	-1244	705	1273	1461	0	0
3058	-1246	1380	894	2804	0	0
3059	-1247	470	335	1335	0	0
3060	-1248	216	215	444	0	0
3061	-1249	143	148	58	0	0
3062	-1255	169	1095	390	0	0
3063	-1256	1537	1298	2606	0	0
3064	-1258	1771	1520	321	0	0
3065	-1260	1207	1420	144	0	0
3066	-1261	101	1207	284	0	0
3067	-1262	1421	139	119	0	0
3068	-1263	130	131	20	0	0
3069	-1265	304	302	406	0	0
3070	-1268	404	1793	2345	0	0
3071	-1270	1795	463	1513	0	0
3072	-1271	525	523	98	0	0
3073	-1272	98	1179	343	0	0
3074	-1273	1797	1798	135	0	0
3075	-1274	1802	1803	73	0	0
3076	-1276	1804	100	310	0	0
3077	-1277	1805	1837	59	0	0
3078	-1278	1425	1798	177	0	0
3079	-1280	1215	100	260	0	0
3080	-1281	1800	1807	70	0	0
3081	-1283	1694	1807	158	0	0
3082	-1286	1791	1694	399	0	0
3083	-1287	104	1191	120	0	0
3084	-1288	104	1831	208	0	0
3085	-1290	334	1950	1759	0	0
3086	-1291	286	62	363	0	0
3087	-1292	1499	1820	1581	0	0
3088	-1295	1819	1794	258	0	0
3089	-1296	734	99	1918	0	0
3090	-1298	1501	839	279	0	0
3091	-1299	1504	1824	174	0	0
3092	-1300	1501	1428	94	0	0
3093	-1302	453	1442	217	0	0
3094	-1304	1844	103	186	0	0
3095	-1306	1807	1459	276	0	0
3096	-1307	1496	873	858	0	0
3097	-1314	1855	1475	1445	0	0
3098	-1315	1857	1564	709	0	0
3099	-1317	872	1047	303	0	0
3100	-1318	653	1455	1890	0	0
3101	-1319	451	114	1039	0	0
3102	-1320	137	1475	1394	0	0
3103	-1321	119	443	375	0	0
3104	-1322	853	860	1468	0	0
3105	-1323	1418	89	283	0	0
3106	-1324	1465	1417	264	0	0
3107	-1326	1863	752	2148	0	0
3108	-1328	846	1411	1387	0	0
3109	-1329	95	846	2972	0	0
3110	-1330	1412	353	1866	0	0
3111	-1333	1457	853	723	0	0
3112	-1335	1669	1664	146	0	0
3113	-1336	1871	1564	730	0	0
3114	-1338	1038	1871	381	0	0
3115	-1339	1875	1770	233	0	0
3116	-1340	1620	622	252	0	0
3117	-1341	623	1878	99	0	0
3118	-1342	1874	1035	139	0	0
3119	-1344	1881	1872	188	0	0
3120	-1345	992	1541	3182	0	0
3121	-1346	1019	1677	725	0	0
3122	-1349	1326	1885	380	0	0
3123	-1350	1886	1044	181	0	0
3124	-1352	1869	1043	330	0	0
3125	-1354	148	1652	176	0	0
3126	-1357	455	1573	104	0	0
3127	-1359	1607	1326	218	0	0
3128	-1360	1896	827	269	0	0
3129	-1361	1886	1898	312	0	0
3130	-1362	1896	1043	702	0	0
3131	-1365	1044	154	341	0	0
3132	-1366	743	1606	1999	0	0
3133	-1367	331	1888	119	0	0
3134	-1368	319	155	98	0	0
3135	-1369	1895	1034	381	0	0
3136	-1370	1017	1339	1408	0	0
3137	-1373	1540	532	2216	0	0
3138	-1375	1308	1527	768	0	0
3139	-1377	1021	928	4091	0	0
3140	-1379	1020	1529	634	0	0
3141	-1380	641	1580	1465	0	0
3142	-1381	641	994	1545	0	0
3143	-1382	1080	741	2079	0	0
3144	-1383	1293	993	1177	0	0
3145	-1384	923	1064	2354	0	0
3146	-1385	333	1333	228	0	0
3147	-1386	1020	160	359	0	0
3148	-1387	1512	838	390	0	0
3149	-1388	1881	1339	193	0	0
3150	-1392	495	1173	431	0	0
3151	-1395	547	1180	170	0	0
3152	-1397	270	467	92	0	0
3153	-1399	385	1909	1130	0	0
3154	-1401	354	732	564	0	0
3155	-1403	259	1934	71	0	0
3156	-1404	391	1937	343	0	0
3157	-1405	582	1957	513	0	0
3158	-1406	563	566	742	0	0
3159	-1407	479	424	279	0	0
3160	-1408	425	427	117	0	0
3161	-1410	464	465	110	0	0
3162	-1412	579	1918	497	0	0
3163	-1414	1950	588	988	0	0
3164	-1416	509	515	1874	0	0
3165	-1419	368	756	3142	0	0
3166	-1421	1514	465	1599	0	0
3167	-1423	399	574	1427	0	0
3168	-1424	480	1055	2028	0	0
3169	-1426	388	582	1874	0	0
3170	-1427	384	501	956	0	0
3171	-1428	574	502	1335	0	0
3172	-1430	1953	1267	203	0	0
3173	-1431	470	371	1107	0	0
3174	-1432	387	1938	861	0	0
3175	-1433	987	388	824	0	0
3176	-1434	1690	500	350	0	0
3177	-1435	381	473	647	0	0
3178	-1438	389	515	1320	0	0
3179	-1440	462	270	969	0	0
3180	-1441	480	429	1139	0	0
3181	-1442	1177	660	2105	0	0
3182	-1443	1959	1029	1048	0	0
3183	-1445	511	1198	1789	0	0
3184	-1447	498	473	251	0	0
3185	-1448	502	498	271	0	0
3186	-1449	573	565	678	0	0
3187	-1450	402	401	230	0	0
3188	-1451	1909	466	1104	0	0
3189	-1452	1969	1267	261	0	0
3190	-1454	459	1973	374	0	0
3191	-1455	1761	1385	117	0	0
3192	-1456	1396	457	456	0	0
3193	-1458	1285	1745	81	0	0
3194	-1460	890	1996	775	0	0
3195	-1462	1370	25	4595	0	0
3196	-1463	885	776	52	0	0
3197	-1466	1372	1627	286	0	0
3198	-1470	1150	1347	617	0	0
3199	-1471	797	1388	482	0	0
3200	-1472	343	1701	53	0	0
3201	-1473	438	1366	103	0	0
3202	-1474	975	2011	94	0	0
3203	-1475	2001	2015	133	0	0
3204	-1476	1269	1113	671	0	0
3205	-1480	1220	945	705	0	0
3206	-1481	1356	904	162	0	0
3207	-1495	2036	2368	568	0	0
3208	-1496	2037	2043	1290	0	0
3209	-1500	2040	2041	448	0	0
3210	-1501	2044	2514	117	0	0
3211	-1505	2052	2257	658	0	0
3212	-1509	2082	2083	64	0	0
3213	-1510	2084	2585	90	0	0
3214	-1512	2096	2374	602	0	0
3215	-1513	2097	2345	54	0	0
3216	-1514	2098	2097	46	0	0
3217	-1518	2166	2698	1383	0	0
3218	-1520	2120	2353	162	0	0
3219	-1521	2124	2137	1647	0	0
3220	-1530	2135	2140	145	0	0
3221	-1533	2505	2430	138	0	0
3222	-1534	2146	2645	116	0	0
3223	-1535	2147	2033	125	0	0
3224	-1537	2167	2168	358	0	0
3225	-1538	2168	2166	881	0	0
3226	-1539	2167	2575	725	0	0
3227	-1540	2169	2036	658	0	0
3228	-1541	2043	2185	206	0	0
3229	-1542	2067	2365	51	0	0
3230	-1543	2191	2530	1273	0	0
3231	-1544	2204	2137	1086	0	0
3232	-1546	2206	2286	462	0	0
3233	-1547	2205	2616	367	0	0
3234	-1548	2210	2476	744	0	0
3235	-1551	2226	2683	146	0	0
3236	-1553	2237	2220	311	0	0
3237	-1554	2239	2409	2169	0	0
3238	-1555	2255	2053	93	0	0
3239	-1556	2256	2503	200	0	0
3240	-1557	2269	2644	214	0	0
3241	-1558	2273	2736	263	0	0
3242	-1562	2278	2115	1339	0	0
3243	-1563	2287	2616	655	0	0
3244	-1564	2289	2127	520	0	0
3245	-1567	2292	2729	101	0	0
3246	-1568	2292	2728	104	0	0
3247	-1569	2293	2373	596	0	0
3248	-1570	2127	2533	476	0	0
3249	-1576	2297	2333	509	0	0
3250	-1579	2301	2470	143	0	0
3251	-1583	2310	2107	1065	0	0
3252	-1584	2310	2302	853	0	0
3253	-1585	2312	2584	879	0	0
3254	-1586	2312	2385	815	0	0
3255	-1587	2313	2336	1021	0	0
3256	-1588	2315	2380	202	0	0
3257	-1589	2319	2688	490	0	0
3258	-1590	2322	2323	801	0	0
3259	-1593	2324	2729	583	0	0
3260	-1595	2329	2702	598	0	0
3261	-1596	2331	2330	152	0	0
3262	-1598	2404	2328	297	0	0
3263	-1599	2338	2339	771	0	0
3264	-1607	2313	2445	911	0	0
3265	-1610	2343	2697	119	0	0
3266	-1612	2349	2350	86	0	0
3267	-1615	2351	2025	409	0	0
3268	-1619	2354	2348	1021	0	0
3269	-1620	2364	2383	313	0	0
3270	-1621	2369	2677	291	0	0
3271	-1622	2282	2051	101	0	0
3272	-1623	2126	2127	315	0	0
3273	-1624	2026	2135	225	0	0
3274	-1626	2466	2372	964	0	0
3275	-1627	2043	2648	1234	0	0
3276	-1632	2375	2082	130	0	0
3277	-1634	2384	2399	997	0	0
3278	-1636	2358	2386	492	0	0
3279	-1638	2387	2583	177	0	0
3280	-1639	2388	2394	407	0	0
3281	-1640	2390	2312	1321	0	0
3282	-1646	2408	2426	129	0	0
3283	-1647	2409	2534	333	0	0
3284	-1648	2411	2496	118	0	0
3285	-1650	2432	2604	574	0	0
3286	-1656	2437	2438	363	0	0
3287	-1657	2440	2452	94	0	0
3288	-1660	2608	2316	506	0	0
3289	-1663	2445	2446	71	0	0
3290	-1664	2243	2442	785	0	0
3291	-1666	2441	2317	1710	0	0
3292	-1670	2091	2669	298	0	0
3293	-1672	2450	2340	1304	0	0
3294	-1673	2105	2154	88	0	0
3295	-1674	2138	2114	136	0	0
3296	-1675	2151	2623	1643	0	0
3297	-1676	2150	2350	1645	0	0
3298	-1677	2341	2238	292	0	0
3299	-1680	2377	2073	343	0	0
3300	-1689	2185	2432	1473	0	0
3301	-1691	2266	2465	939	0	0
3302	-1695	2403	2207	1331	0	0
3303	-1700	2707	2436	385	0	0
3304	-1701	2472	2536	324	0	0
3305	-1702	2364	2386	524	0	0
3306	-1704	2327	2037	687	0	0
3307	-1706	2479	2037	649	0	0
3308	-1708	2480	2325	1584	0	0
3309	-1710	2481	2482	1826	0	0
3310	-1714	2483	2480	1221	0	0
3311	-1717	2485	2486	531	0	0
3312	-1719	2466	2486	1980	0	0
3313	-1724	2373	2580	1943	0	0
3314	-1729	2337	2306	1034	0	0
3315	-1731	2565	2603	998	0	0
3316	-1733	2495	2494	1743	0	0
3317	-1739	2576	2543	2747	0	0
3318	-1742	2525	2504	1451	0	0
3319	-1744	2419	2628	165	0	0
3320	-1745	2479	2518	547	0	0
3321	-1746	2116	2628	77	0	0
3322	-1747	2495	2080	807	0	0
3323	-1749	2503	2517	413	0	0
3324	-1750	2518	2232	254	0	0
3325	-1752	2548	2447	138	0	0
3326	-1755	2526	2277	648	0	0
3327	-1756	2242	2243	151	0	0
3328	-1757	2237	2228	342	0	0
3329	-1761	2543	2542	439	0	0
3330	-1765	2368	2510	605	0	0
3331	-1767	2262	2393	535	0	0
3332	-1768	2036	2409	559	0	0
3333	-1770	2541	2397	61	0	0
3334	-1772	2660	2542	241	0	0
3335	-1774	2544	2543	131	0	0
3336	-1775	2544	2545	647	0	0
3337	-1777	2549	2550	251	0	0
3338	-1778	2548	2551	75	0	0
3339	-1781	2139	2675	78	0	0
3340	-1782	2041	2561	1642	0	0
3341	-1784	2556	2560	1068	0	0
3342	-1785	2562	2614	792	0	0
3343	-1786	2563	2565	339	0	0
3344	-1789	2155	2108	85	0	0
3345	-1792	2308	2538	1547	0	0
3346	-1793	2514	2638	1514	0	0
3347	-1795	2587	2278	1734	0	0
3348	-1796	2138	2106	1773	0	0
3349	-1797	2558	2576	1108	0	0
3350	-1798	2337	2600	540	0	0
3351	-1800	2394	2593	271	0	0
3352	-1803	2597	2336	1217	0	0
3353	-1805	2212	2213	257	0	0
3354	-1815	2607	2493	1413	0	0
3355	-1816	2217	2215	117	0	0
3356	-1818	2325	2489	530	0	0
3357	-1819	2489	2611	1318	0	0
3358	-1820	2483	2639	499	0	0
3359	-1821	2613	2379	171	0	0
3360	-1822	2613	2449	104	0	0
3361	-1823	2453	2560	712	0	0
3362	-1825	2615	2207	654	0	0
3363	-1826	2288	2286	865	0	0
3364	-1828	2589	2639	1421	0	0
3365	-1829	2146	2633	309	0	0
3366	-1833	2212	2329	341	0	0
3367	-1834	2042	2648	128	0	0
3368	-1835	2606	2558	1789	0	0
3369	-1836	2651	2653	353	0	0
3370	-1838	2349	2343	1818	0	0
3371	-1843	2525	2391	2429	0	0
3372	-1845	2440	2298	2085	0	0
3373	-1846	2656	2657	264	0	0
3374	-1847	2657	2467	1322	0	0
3375	-1848	2659	2504	1389	0	0
3376	-1849	2660	2265	756	0	0
3377	-1850	2661	2577	556	0	0
3378	-1852	2204	2124	866	0	0
3379	-1853	2365	2027	385	0	0
3380	-1854	2167	2340	1787	0	0
3381	-1855	2556	2663	1031	0	0
3382	-1860	2545	2558	2608	0	0
3383	-1861	2620	2284	427	0	0
3384	-1862	2609	2319	598	0	0
3385	-1865	2136	2624	2166	0	0
3386	-1866	2455	2454	108	0	0
3387	-1873	2234	2504	684	0	0
3388	-1874	2527	2299	1198	0	0
3389	-1877	2668	2669	411	0	0
3390	-1879	2382	2544	777	0	0
3391	-1880	2392	2155	163	0	0
3392	-1881	2260	2167	386	0	0
3393	-1884	2576	2574	1738	0	0
3394	-1885	2603	2390	1459	0	0
3395	-1886	2379	2314	339	0	0
3396	-1888	2598	2599	2283	0	0
3397	-1889	2156	2559	304	0	0
3398	-1891	2608	2569	1582	0	0
3399	-1892	2562	2493	1511	0	0
3400	-1893	2086	2041	1383	0	0
3401	-1895	2616	2434	1698	0	0
3402	-1897	2220	2414	29	0	0
3403	-1898	2579	2308	1330	0	0
3404	-1902	2040	2559	955	0	0
3405	-1903	2346	2120	992	0	0
3406	-1905	2348	2605	1346	0	0
3407	-1906	2565	2566	439	0	0
3408	-1907	2045	2580	189	0	0
3409	-1908	2263	2657	974	0	0
3410	-1912	2527	2531	1955	0	0
3411	-1914	2545	2549	246	0	0
3412	-1916	2495	2182	211	0	0
3413	-1921	2701	2482	1149	0	0
3414	-1923	2444	2626	1775	0	0
3415	-1929	2510	2478	447	0	0
3416	-1940	2713	2707	226	0	0
3417	-1944	2537	2436	3584	0	0
3418	-1945	2717	2669	1695	0	0
3419	-1952	2518	2509	613	0	0
3420	-1953	2716	2025	1221	0	0
3421	-1954	2725	2729	301	0	0
3422	-1955	2726	2727	76	0	0
3423	-1959	2723	2727	269	0	0
3424	-1966	2213	2345	700	0	0
3425	-1967	2213	2211	204	0	0
3426	-1968	2211	2214	98	0	0
3427	-1974	2098	2723	721	0	0
3428	-1975	2627	2700	963	0	0
3429	-1976	2192	2721	120	0	0
3430	-1977	2431	2205	1193	0	0
3431	-1978	2153	2431	607	0	0
3432	-1981	2324	2322	1883	0	0
3433	-1982	2498	2678	137	0	0
3434	-1984	2102	2644	80	0	0
3435	-1985	2663	2383	312	0	0
3436	-1986	2127	2128	449	0	0
3437	-1990	2350	2434	188	0	0
3438	-1991	2510	2589	68	0	0
3439	-1993	2300	2710	334	0	0
3440	-1995	2429	2419	184	0	0
3441	-1996	2769	2534	582	0	0
3442	-1997	2607	2396	1925	0	0
3443	-1999	2437	2705	797	0	0
3444	-2002	2757	2756	465	0	0
3445	-2003	2758	2437	4587	0	0
3446	-2006	2408	2644	263	0	0
3447	-2008	2619	2322	261	0	0
3448	-2009	2619	2622	419	0	0
3449	-2011	2761	2503	126	0	0
3450	-2012	2210	2042	1365	0	0
3451	-2013	2100	2492	2137	0	0
3452	-2015	2293	2491	793	0	0
3453	-2017	2707	2704	1769	0	0
3454	-2019	2091	2201	2035	0	0
3455	-2020	2582	2082	131	0	0
3456	-2021	2377	2583	221	0	0
3457	-2022	2333	2405	328	0	0
3458	-2023	2404	2354	995	0	0
3459	-2024	2731	2404	785	0	0
3460	-2025	2290	2219	38	0	0
3461	-2026	2665	2403	80	0	0
3462	-2027	2570	2206	168	0	0
3463	-2028	2427	2509	115	0	0
3464	-2029	2512	2736	531	0	0
3465	-2030	2432	2257	528	0	0
3466	-2031	2232	2058	374	0	0
3467	-2033	256	63	6461	0	0
3468	-2035	596	871	2258	0	0
3469	-2037	808	818	317	0	0
3470	-2039	1511	530	405	0	0
3471	-2040	19	1586	980	0	0
END
-----------------------------------------
InputUsedToGenerateTheGraph:
County:	SkanderborgOdder
CenterNodeId:	0
Radius:	1000000
HouseTypes:	Apartment
NumberOfWasteFractions: 1
IntervalsForWasteFraction:	general	2.333333	3.5	7.0	14.0	28.0
-----------------------------------------


