nodes_no:
200
;
Node x-coordinate y-coordinate:
0 464.127755 95.178431 246 781 719
1 482.693487 129.441128 242 769 787
2 231.222445 155.625626 256 865 887
3 78.664788 119.089375 264 794 870
4 138.507932 402.813517 241 830 852
5 303.560876 447.642314 264 784 785
6 394.743345 451.398244 259 879 844
7 109.684719 471.069272 259 791 770
8 267.309557 171.717891 254 877 931
9 454.782238 25.069753 266 860 787
10 186.907326 351.431295 250 830 807
11 188.627225 257.770055 270 833 859
12 470.587543 164.834619 265 849 907
13 61.190938 436.089491 241 773 883
14 287.141992 495.461994 253 747 815
15 204.480256 199.663419 235 874 814
16 98.009983 253.778527 256 797 899
17 92.236659 221.528937 251 820 804
18 248.020442 479.566215 254 828 813
19 445.446202 114.317693 250 814 827
20 487.884650 377.320397 248 854 844
21 298.015160 240.792883 248 852 865
22 398.469585 78.318113 248 905 784
23 50.175762 304.029032 258 825 818
24 245.213927 310.476965 240 778 883
25 457.752152 440.420237 271 875 880
26 161.083224 325.746973 254 858 858
27 27.088653 278.988335 252 758 824
28 199.133550 337.573331 253 805 825
29 127.019699 320.085402 255 834 813
30 422.047218 347.585750 246 771 812
31 139.730800 455.563565 246 755 850
32 274.476730 130.395968 286 866 882
33 126.499998 85.469904 244 873 852
34 31.884276 379.024334 250 922 904
35 454.813620 52.516170 264 797 761
36 273.120402 334.592837 257 833 885
37 82.608388 399.182320 248 803 845
38 282.048746 393.272520 262 830 807
39 188.545491 384.066156 259 816 815
40 272.976385 414.100310 238 763 710
41 240.995294 407.907284 245 842 766
42 415.576793 99.151810 285 928 881
43 172.357357 310.102248 239 815 788
44 304.442381 263.104110 257 853 830
45 43.992771 386.503694 279 932 804
46 255.927211 368.631796 241 811 823
47 235.817161 379.021566 239 701 743
48 95.802338 149.893206 268 875 784
49 448.860213 493.594362 290 940 946
50 236.130494 145.209347 256 792 824
51 238.419092 109.673745 265 796 799
52 34.856362 330.869177 233 787 777
53 262.254077 204.274357 242 700 737
54 358.228501 246.410149 284 908 944
55 174.379837 301.917923 272 862 897
56 15.107871 417.988574 251 877 800
57 311.114683 404.480436 265 807 852
58 437.232845 72.425377 261 882 906
59 81.958300 473.148210 241 773 799
60 69.570755 275.685766 241 760 766
61 70.163123 231.602274 255 905 792
62 478.570313 331.257579 281 890 871
63 150.331483 121.235785 258 733 834
64 329.543056 130.140295 264 901 871
65 321.946265 450.881332 244 789 840
66 389.742496 402.136526 272 941 882
67 434.946965 153.643496 263 839 831
68 61.931321 379.719211 266 846 807
69 454.775129 405.600226 216 725 748
70 76.744415 343.385166 257 787 849
71 401.433568 393.980218 273 827 900
72 429.443660 159.588472 224 729 809
73 405.495233 158.374739 249 796 795
74 308.063021 115.187350 256 822 835
75 0.202525 403.836692 237 714 770
76 411.163936 432.266121 249 822 839
77 197.508942 32.795384 239 818 766
78 91.646947 310.234473 264 824 847
79 419.221435 354.660907 251 845 833
80 406.807111 207.111792 255 829 850
81 66.802738 253.625942 261 808 789
82 84.826063 171.639809 263 868 813
83 184.603427 129.800229 269 838 918
84 48.659736 324.176477 251 849 778
85 264.086865 7.932424 246 904 849
86 403.764391 68.124128 262 921 867
87 480.552997 154.223910 264 858 806
88 233.211835 91.315154 262 832 876
89 342.357269 498.619229 248 844 876
90 140.912936 323.713703 251 719 771
91 480.630978 464.851186 233 784 819
92 240.526937 36.235086 229 781 862
93 456.499225 382.478052 258 818 822
94 323.299084 187.701031 246 806 790
95 447.902031 389.426951 242 878 862
96 487.525425 339.824360 250 811 852
97 146.841239 460.708117 252 803 903
98 204.999272 422.762415 245 874 821
99 267.625423 480.477208 254 824 841
100 279.256483 463.701475 272 814 836
101 490.094460 17.594422 230 800 786
102 273.635170 486.295780 276 862 904
103 104.081164 292.126082 276 942 936
104 493.712782 330.725823 281 838 893
105 80.394017 182.241182 269 892 764
106 249.988109 50.147791 262 777 860
107 449.132852 75.843560 246 857 828
108 444.258287 149.022747 252 851 842
109 104.956449 3.035411 234 749 808
110 268.818226 27.925552 267 788 830
111 166.580172 212.956404 268 864 822
112 490.770953 387.407148 247 803 779
113 23.043924 299.227125 237 814 841
114 83.147969 467.913349 273 855 877
115 403.868499 317.861590 260 813 754
116 80.429046 270.979810 251 846 903
117 162.543921 375.678159 233 874 799
118 270.037021 12.214435 253 786 804
119 425.512001 80.194939 248 731 775
120 294.471558 183.468954 235 732 813
121 446.955594 482.660139 244 823 853
122 471.688355 166.175889 222 739 833
123 475.766672 210.449201 242 802 753
124 309.282791 115.864651 264 891 918
125 195.873060 38.517558 259 876 795
126 312.410092 176.418375 281 843 852
127 272.353200 440.230771 247 858 794
128 294.102156 474.935442 267 854 823
129 299.390871 362.360808 225 809 766
130 174.798308 335.166835 273 878 930
131 372.995682 438.435227 238 810 845
132 213.118353 380.159317 238 781 759
133 292.983185 168.389250 252 867 853
134 146.175967 279.471758 275 942 922
135 170.809453 294.476019 264 729 890
136 292.995021 367.315991 247 785 751
137 335.604270 0.960503 247 823 802
138 199.324320 43.848984 287 908 903
139 204.643229 438.751785 250 857 841
140 354.995168 403.788232 249 850 812
141 64.565713 155.931939 254 838 808
142 468.300820 231.887010 231 729 746
143 303.796131 401.571022 255 849 887
144 299.271037 348.319029 250 913 858
145 272.866320 64.232280 226 774 850
146 125.126136 494.960925 292 935 977
147 258.961507 366.048267 265 792 762
148 348.834224 356.806259 249 823 824
149 121.342409 401.871858 236 886 793
150 28.475612 89.610036 273 900 900
151 222.597346 193.598913 247 854 787
152 426.205701 239.211575 263 793 759
153 8.128564 116.780911 270 804 921
154 490.692752 73.081914 248 814 796
155 226.790289 164.387803 291 912 894
156 48.971089 57.086536 245 741 817
157 108.977191 79.640775 267 844 874
158 326.700751 359.528043 243 813 813
159 118.749712 326.404842 261 865 849
160 94.544647 11.887264 263 826 848
161 113.079705 30.603539 265 855 904
162 311.133569 221.886668 227 765 820
163 308.262557 468.794404 235 817 776
164 304.240743 374.164912 233 794 768
165 456.788488 244.120807 265 844 852
166 371.831498 371.979885 265 837 859
167 262.616390 293.667050 263 839 919
168 122.451359 39.994584 257 862 832
169 157.256991 18.247354 277 885 865
170 413.439868 183.865015 257 825 783
171 100.653610 185.215549 273 848 912
172 445.392266 207.812821 262 882 793
173 388.739274 40.975288 240 867 894
174 14.996297 42.763107 238 880 756
175 153.760266 248.792279 236 867 802
176 159.213817 406.619314 246 828 770
177 305.272317 211.826816 254 838 886
178 167.649716 188.780458 273 827 829
179 319.962528 110.207839 232 900 837
180 468.434748 482.805593 257 888 804
181 487.481059 94.159202 257 779 827
182 16.374159 200.496685 271 841 838
183 269.786613 303.600019 258 869 825
184 187.294339 355.958092 257 773 762
185 281.113151 168.723150 280 1047 907
186 455.459637 410.124334 243 776 756
187 109.295201 424.444435 246 785 745
188 331.816574 341.167290 268 878 827
189 356.725807 490.646112 237 779 856
190 366.667773 85.265511 288 837 846
191 72.072233 318.014003 245 734 818
192 224.867090 341.185359 244 867 780
193 440.229688 440.366968 266 806 797
194 130.240300 448.726558 217 797 780
195 486.337931 381.604452 260 851 840
196 109.570978 59.427709 257 826 858
197 428.244609 7.141558 253 798 853
198 103.617650 1.836384 249 767 765
199 493.540297 431.764299 259 806 838
;
edges_no:
386
;
Adjacency_List:
0 1
0 19
0 107
0 181
1 19
1 87
1 108
1 181
2 8
2 50
2 83
2 155
3 48
3 141
3 150
3 156
3 157
4 117
4 149
4 176
4 194
5 57
5 65
5 100
5 127
5 163
6 76
6 121
6 131
6 189
7 114
7 146
7 194
8 50
8 53
8 151
8 185
9 35
9 101
9 197
10 28
10 130
10 184
11 15
11 24
11 111
11 134
11 135
11 175
12 87
12 108
12 122
13 37
13 45
13 56
13 114
13 187
14 89
14 102
14 128
15 111
15 151
15 178
16 17
16 61
16 81
16 103
16 116
16 134
16 175
17 61
17 105
17 111
17 171
18 99
18 139
19 42
19 108
19 119
20 96
20 195
21 44
21 53
21 162
22 42
22 86
22 119
22 190
23 27
23 60
23 84
23 113
23 191
24 36
24 167
24 183
24 192
25 91
25 121
25 186
25 193
25 199
26 43
26 90
26 130
27 60
27 81
27 113
27 182
28 130
28 192
29 90
29 103
29 134
29 159
30 62
30 79
30 115
31 97
31 194
32 50
32 51
32 74
32 145
32 185
33 63
33 125
33 138
33 157
34 45
34 52
34 56
34 75
35 58
35 107
35 154
36 144
36 147
36 183
36 192
37 68
37 149
37 187
38 40
38 46
38 136
38 143
38 147
38 164
39 98
39 117
39 132
39 176
39 184
40 41
40 127
41 47
41 98
42 73
42 119
43 55
43 130
44 54
44 167
44 188
45 56
45 68
46 47
46 147
46 192
47 132
47 192
48 63
48 82
48 141
49 121
49 180
50 51
50 83
51 83
51 88
52 68
52 84
52 113
53 120
53 151
53 177
54 80
54 115
54 152
54 162
54 188
55 135
56 75
57 140
57 143
58 107
58 119
59 114
60 78
60 81
60 116
60 191
61 81
61 182
62 96
62 104
62 165
63 83
63 138
63 178
64 73
64 124
64 126
64 133
64 179
65 131
65 140
65 163
65 189
66 71
66 76
66 131
66 140
66 166
67 72
67 108
68 70
69 95
69 186
70 84
70 159
70 191
71 76
71 79
71 95
71 166
72 73
72 170
73 94
73 170
74 124
74 145
76 193
77 92
77 125
77 169
78 103
78 159
78 191
79 95
79 166
80 94
80 152
80 170
80 172
81 116
82 105
82 141
82 171
83 178
84 191
85 118
86 119
86 173
88 106
88 138
88 145
89 163
89 189
90 134
91 180
91 199
92 106
92 110
92 138
93 95
93 195
94 126
94 177
96 104
97 139
97 146
98 132
98 139
98 176
99 100
99 102
100 127
100 128
101 154
102 128
103 116
103 134
103 159
105 171
105 182
106 110
106 145
107 154
109 161
109 198
110 118
110 145
111 175
111 178
112 195
112 199
114 187
115 148
115 152
115 166
117 176
117 184
118 137
120 126
120 133
120 177
121 180
121 193
122 123
122 172
123 142
123 172
124 133
124 179
125 138
126 133
128 163
129 136
129 144
129 158
129 164
131 140
131 189
132 184
132 192
133 185
134 135
134 175
136 147
136 164
137 173
140 166
141 153
141 182
142 165
142 172
143 164
144 158
144 188
148 158
148 166
148 188
149 159
149 187
150 153
150 156
150 174
151 155
152 165
152 172
153 182
154 181
156 160
156 174
156 196
157 196
158 164
158 188
160 161
160 198
161 168
162 177
167 183
168 169
168 196
170 172
171 178
173 190
173 197
176 194
179 190
186 193
186 199
187 194
;
no_district:
4
;
subset_edges:
;

