ProblemType:	CARP
NumberNodes:	2171
NumberEdges:	2459
DepotNodeNumber:	466
NumberOfFractions:	1
NumberOfIntervalsForFraction	General_Glass_Metal_Plastic_Organic	1	14
GRAPH
EdgeNumber	EdgeId	StartNodeNumber	EndNodeNumber	Cost	Demand_0	Bins_0
START
0	3	0	1	103	0	0
1	4	2	3	13	119	1
2	5	4	5	53	94	1
3	14	9	10	337	3461	22
4	15	10	11	287	4327	24
5	16	12	13	294	3885	23
6	17	14	15	260	4191	22
7	18	16	17	315	3706	20
8	19	17	18	213	3859	19
9	44	19	20	184	213	2
10	45	20	21	193	213	2
11	47	22	23	103	0	0
12	48	22	24	302	0	0
13	49	25	26	7	0	0
14	50	26	27	310	0	0
15	53	28	29	59	0	0
16	55	30	31	197	213	2
17	127	32	0	5	0	0
18	137	33	34	388	0	0
19	150	14	13	46	0	0
20	273	35	36	1263	783	5
21	274	37	38	163	502	3
22	275	38	39	25	0	0
23	284	40	41	72	94	1
24	285	41	42	6	0	0
25	294	43	44	69	1088	5
26	355	46	47	55	0	0
27	375	48	49	24	0	0
28	376	49	50	63	0	0
29	377	51	52	147	94	1
30	408	31	53	90	94	1
31	519	54	55	83	94	1
32	543	56	57	61	119	1
33	544	58	56	71	119	1
34	545	56	59	119	0	0
35	572	60	61	173	1880	8
36	573	61	62	33	204	1
37	574	62	63	27	0	0
38	575	63	64	53	400	4
39	576	65	66	20	0	0
40	577	66	67	119	1343	6
41	578	68	69	77	1139	2
42	579	69	70	47	204	1
43	592	73	74	19	0	0
44	593	74	75	61	510	1
45	599	76	77	60	204	1
46	602	78	79	69	94	1
47	603	80	81	27	94	1
48	604	26	82	71	94	1
49	605	22	83	489	1020	2
50	622	84	85	213	204	1
51	623	86	87	356	204	1
52	625	88	85	139	119	1
53	648	89	90	146	408	2
54	649	91	92	49	0	0
55	650	92	93	40	3060	3
56	651	94	95	36	0	0
57	652	95	96	20	94	1
58	655	98	99	19	1216	11
59	656	100	101	8	0	0
60	657	101	98	23	94	1
61	723	102	103	408	119	1
62	727	87	104	93	204	1
63	732	105	106	105	94	1
64	736	64	107	69	298	2
65	741	108	109	26	204	1
66	742	109	110	13	204	1
67	744	111	112	237	1098	5
68	753	113	114	50	94	1
69	754	94	115	60	204	1
70	756	29	116	112	1020	1
71	757	20	117	75	94	1
72	861	118	119	86	94	1
73	862	120	121	45	204	1
74	869	122	123	37	94	1
75	890	124	125	191	689	4
76	896	64	65	58	0	0
77	907	126	127	137	94	1
78	908	128	129	74	204	1
79	909	130	131	107	434	2
80	910	132	133	395	0	0
81	915	133	134	228	94	1
82	916	134	135	459	298	2
83	983	136	137	5	0	0
84	984	137	138	88	188	1
85	1043	139	140	59	94	1
86	1103	141	142	327	0	0
87	1104	141	143	95	94	1
88	1119	144	145	116	612	3
89	1122	72	87	532	0	0
90	1127	146	147	27	604	5
91	1128	148	149	95	1999	10
92	1131	150	151	251	0	0
93	1136	152	153	44	7140	7
94	1137	154	155	49	119	1
95	1443	2	4	2	0	0
96	1446	156	157	74	0	0
97	1447	156	158	102	323	2
98	1450	96	159	45	0	0
99	1452	160	161	138	3876	5
100	1459	162	163	28	187	2
101	1537	164	165	46	306	3
102	1538	166	167	172	0	0
103	1540	168	166	172	0	0
104	1542	169	170	137	0	0
105	1543	171	172	33	282	2
106	1544	165	171	6	0	0
107	1545	171	173	29	213	2
108	1546	174	175	17	4080	4
109	1547	167	176	173	0	0
110	1568	178	179	180	188	1
111	1573	180	181	445	94	1
112	1600	182	183	205	298	2
113	1694	7	186	272	0	0
114	1698	187	188	509	0	0
115	1805	190	191	50	6120	6
116	1806	191	192	31	0	0
117	1809	193	194	40	204	1
118	1817	195	196	75	800	3
119	1822	197	198	55	187	2
120	1823	176	168	173	0	0
121	1828	199	200	22	94	1
122	1830	201	164	42	562	5
123	1858	35	202	753	298	2
124	1859	38	203	67	298	2
125	1860	42	204	81	298	2
126	1863	205	206	184	282	2
127	1970	207	208	51	204	1
128	1973	209	210	27	468	3
129	1974	211	212	38	282	2
130	1975	213	214	61	188	1
131	1976	215	216	72	589	4
132	1980	217	218	291	3452	12
133	1981	219	220	27	527	2
134	1984	221	222	46	188	1
135	1987	225	226	262	408	1
136	1988	226	227	136	0	0
137	1990	228	229	87	0	0
138	1991	230	231	50	680	1
139	1992	232	233	208	1965	10
140	1993	234	235	11	1157	9
141	1995	236	237	24	374	2
142	1997	238	239	50	187	2
143	1998	239	240	43	1395	4
144	1999	239	241	67	391	3
145	2000	242	243	48	816	4
146	2001	244	245	56	323	2
147	2002	246	247	47	401	3
148	2003	248	249	68	357	2
149	2004	250	251	38	307	2
150	2008	45	252	63	392	2
151	2009	252	253	76	1258	6
152	2021	254	190	8	0	0
153	2022	190	255	33	0	0
154	2059	256	192	9	0	0
155	2060	257	258	73	714	5
156	2061	258	259	3	0	0
157	2062	260	261	3	0	0
158	2063	261	262	143	187	2
159	2064	263	264	50	94	1
160	2065	264	265	65	0	0
161	2071	266	186	81	0	0
162	2072	186	143	48	0	0
163	2103	125	85	171	808	6
164	2104	267	94	14	0	0
165	2105	67	113	42	0	0
166	2106	113	91	157	986	7
167	2107	157	268	137	0	0
168	2108	268	269	66	94	1
169	2177	120	270	80	238	1
170	2183	271	125	407	188	1
171	2201	272	273	611	0	0
172	2202	272	274	33	0	0
173	2203	274	275	99	0	0
174	2204	274	276	33	0	0
175	2205	276	277	99	0	0
176	2206	276	272	62	0	0
177	2211	264	278	18	392	2
178	2213	258	261	72	646	2
179	2231	68	267	10	0	0
180	2289	279	280	78	1302	6
181	2299	281	282	111	4362	6
182	2301	283	284	84	7140	7
183	2303	285	286	85	1020	1
184	2304	287	285	42	0	0
185	2305	288	289	25	94	1
186	2306	155	290	111	298	2
187	2358	291	292	107	1020	1
188	2390	41	293	56	638	3
189	2391	158	44	91	0	0
190	2393	294	295	142	2296	9
191	2394	296	297	112	1624	7
192	2540	299	44	42	94	1
193	2541	299	267	51	0	0
194	2542	300	301	114	987	5
195	2543	302	303	32	408	2
196	2544	304	305	87	1343	4
197	2545	305	306	88	94	1
198	2546	306	70	84	0	0
199	2547	307	308	103	0	0
200	2548	70	309	38	408	2
201	2549	310	311	83	1190	6
202	2550	312	313	103	0	0
203	2551	307	314	144	94	1
204	2552	314	315	382	204	1
205	2553	315	316	220	391	3
206	2554	317	318	435	1003	5
207	2555	318	319	127	1003	6
208	2556	320	321	560	94	1
209	2557	321	317	267	0	0
210	2598	322	323	333	94	1
211	2599	323	324	135	204	1
212	2603	65	90	13	0	0
213	2605	93	325	47	0	0
214	2606	325	308	680	94	1
215	2607	301	326	52	391	3
216	2608	327	328	560	2542	4
217	2609	327	97	19	0	0
218	2610	326	62	102	1616	6
219	2611	85	329	169	1098	6
220	2674	330	331	40	0	0
221	2675	331	332	66	0	0
222	2676	331	333	398	119	1
223	2700	322	334	231	0	0
224	2701	334	320	225	0	0
225	2722	335	336	688	697	4
226	2723	336	337	23	0	0
227	2736	338	339	128	690	4
228	2737	339	340	93	893	6
229	2738	340	341	104	969	5
230	2739	342	343	120	2176	12
231	2740	343	344	30	0	0
232	2741	344	341	40	0	0
233	2742	345	346	149	1369	10
234	2743	347	348	48	935	4
235	2744	348	349	51	1004	5
236	2745	349	350	91	1250	9
237	2746	349	351	13	0	0
238	2766	352	353	55	3706	9
239	2767	353	342	62	323	2
240	2768	342	232	41	1207	6
241	2769	353	354	140	2797	8
242	2770	354	355	63	374	4
243	2774	356	357	37	0	0
244	2775	357	358	33	0	0
245	2776	358	359	217	0	0
246	2777	359	360	120	188	1
247	2778	361	362	103	510	1
248	2779	363	364	66	0	0
249	2780	364	365	57	0	0
250	2782	366	367	220	0	0
251	2783	367	368	440	0	0
252	2785	356	369	46	0	0
253	2786	369	363	63	0	0
254	2787	363	184	105	0	0
255	2788	364	370	117	0	0
256	2789	371	340	46	298	2
257	2790	367	372	42	0	0
258	3995	373	374	53	0	0
259	3997	375	376	45	408	1
260	4122	377	378	43	2227	4
261	4123	378	379	71	2040	2
262	4139	380	381	118	2159	7
263	4140	382	380	57	0	0
264	4141	380	383	58	0	0
265	4145	384	385	104	612	3
266	4146	386	387	86	408	2
267	4189	388	389	62	408	2
268	4190	389	390	65	1258	4
269	4191	391	252	59	0	0
270	4192	392	177	24	0	0
271	4193	177	393	113	1020	5
272	4194	394	393	150	715	4
273	4195	393	395	9	0	0
274	4196	396	397	73	0	0
275	4197	398	399	104	1309	6
276	4198	399	400	72	119	1
277	4269	287	402	45	0	0
278	4291	403	7	268	0	0
279	4296	404	294	65	204	1
280	4297	294	405	150	715	4
281	4300	406	407	32	510	1
282	4303	408	409	146	0	0
283	4304	409	410	251	0	0
284	4305	409	384	206	0	0
285	4306	384	386	82	0	0
286	4320	411	412	103	0	0
287	4321	412	413	30	0	0
288	4330	414	415	220	502	3
289	4331	415	416	482	2058	6
290	4345	412	8	342	0	0
291	4346	417	418	151	94	1
292	4347	418	419	18	0	0
293	4348	45	418	277	0	0
294	4372	420	135	346	204	1
295	4373	421	422	61	187	2
296	4385	423	424	26	119	1
297	4501	425	426	42	0	0
298	4503	402	427	30	94	1
299	4504	428	429	181	204	1
300	4505	430	431	502	188	1
301	4513	432	433	29	596	3
302	4514	433	434	9	0	0
303	4516	434	435	22	204	1
304	4518	436	437	28	0	0
305	4522	350	438	12	0	0
306	4523	438	434	81	282	2
307	4526	439	440	81	7668	14
308	4527	441	442	60	0	0
309	4528	443	441	121	561	4
310	4529	444	445	164	2176	13
311	4530	446	447	75	748	6
312	4531	448	449	179	204	1
313	4532	450	205	270	0	0
314	4533	451	452	90	94	1
315	4534	453	451	14	0	0
316	4535	454	455	29	0	0
317	4536	456	457	110	94	1
318	4537	456	458	126	0	0
319	4538	459	460	42	0	0
320	4540	461	462	16	0	0
321	4541	462	463	194	2389	6
322	4542	464	465	44	0	0
323	4543	465	466	86	1360	5
324	4544	467	468	2	0	0
325	4545	469	470	66	4556	8
326	4546	470	467	37	2822	5
327	4547	471	472	18	680	1
328	4548	473	474	14	204	1
329	4549	474	475	191	7463	29
330	4550	476	477	49	970	6
331	4551	477	478	16	766	4
332	4552	479	480	75	0	0
333	4553	481	482	45	2338	13
334	4554	483	484	43	94	1
335	4555	485	486	38	0	0
336	4556	487	488	55	0	0
337	4557	489	487	40	792	3
338	4559	490	491	72	408	1
339	4560	491	492	34	596	3
340	4561	493	494	30	417	3
341	4573	495	257	41	391	3
342	4576	496	408	497	0	0
343	4577	497	498	45	630	3
344	4578	499	500	33	0	0
345	4579	501	502	15	374	2
346	4580	502	503	54	468	3
347	4581	503	504	83	0	0
348	4583	505	506	253	2679	18
349	4584	507	504	60	468	3
350	4585	508	509	96	1233	6
351	4586	509	507	5	408	1
352	4587	510	511	14	0	0
353	4588	511	512	41	612	2
354	4589	513	514	57	766	4
355	4590	515	516	128	323	2
356	4592	517	518	28	731	3
357	4594	396	519	62	1394	3
358	4595	519	520	19	0	0
359	4596	521	522	98	1190	4
360	4597	523	524	49	672	4
361	4599	494	525	32	391	3
362	4601	526	527	299	204	1
363	4602	528	529	9	204	1
364	4605	530	531	30	800	3
365	4607	532	533	293	298	2
366	4608	534	535	29	510	1
367	4609	536	537	84	3400	5
368	4610	538	536	20	1020	2
369	4611	535	539	50	1530	3
370	4612	539	540	9	0	0
371	4613	541	542	26	1020	2
372	4614	542	538	40	510	1
373	4615	540	543	54	850	2
374	4616	544	545	80	613	4
375	4617	545	546	134	1939	11
376	4618	547	548	48	391	3
377	4620	549	550	29	2806	17
378	4621	551	552	51	468	3
379	4622	553	554	521	0	0
380	4623	555	556	34	587	6
381	4624	557	558	5	0	0
382	4625	559	560	390	0	0
383	4626	431	561	118	0	0
384	4628	562	563	5	0	0
385	4629	564	565	28	188	1
386	4630	565	566	28	282	2
387	4631	566	567	26	188	1
388	4632	568	569	68	0	0
389	4634	570	571	72	282	2
390	4636	572	573	44	376	2
391	4637	574	575	38	282	2
392	4641	576	577	167	0	0
393	4642	577	578	266	281	3
394	4643	579	580	157	2006	7
395	4644	580	581	33	2414	6
396	4645	582	583	135	1514	9
397	4646	584	585	90	1216	8
398	4647	586	584	58	672	4
399	4648	587	588	48	188	1
400	4649	589	590	49	919	5
401	4650	556	591	14	400	4
402	4651	558	592	61	605	4
403	4652	560	593	120	0	0
404	4654	594	595	35	1360	2
405	4655	596	597	53	2814	9
406	4656	597	598	42	1938	5
407	4661	599	600	54	595	4
408	4662	601	600	56	375	3
409	4663	602	603	200	8282	10
410	4665	605	439	91	392	2
411	4666	606	607	3	0	0
412	4668	608	609	16	0	0
413	4669	610	611	281	1020	1
414	4670	612	613	22	204	1
415	4673	614	442	52	94	1
416	4674	615	616	55	0	0
417	4677	617	618	74	5100	5
418	4701	619	620	554	0	0
419	4702	621	622	23	188	1
420	4703	623	624	56	375	3
421	4704	15	625	107	1532	9
422	4705	625	626	65	375	3
423	4706	627	628	133	2024	12
424	4707	629	630	101	1309	8
425	4708	631	632	174	2262	12
426	4709	633	634	66	656	4
427	4710	373	635	158	2788	12
428	4741	636	637	405	408	1
429	4742	420	638	120	204	1
430	4744	639	640	71	119	1
431	4755	641	642	292	0	0
432	4757	642	643	1081	1037	4
433	4758	643	644	110	0	0
434	4759	645	643	840	0	0
435	4761	646	647	15	0	0
436	4762	647	648	22	0	0
437	4763	648	646	22	0	0
438	4785	649	411	115	188	1
439	4786	650	651	131	204	1
440	4787	652	653	20	0	0
441	4788	654	655	28	0	0
442	4789	656	657	106	1224	6
443	4790	658	659	27	910	5
444	4793	660	661	30	782	4
445	4794	662	663	23	188	1
446	4795	664	665	630	0	0
447	4797	666	589	87	1302	5
448	4798	410	553	100	680	1
449	4801	54	667	97	204	1
450	4802	54	668	56	94	1
451	4803	669	670	22	0	0
452	4804	671	672	868	604	5
453	4805	673	669	91	392	2
454	4806	669	674	43	94	1
455	4807	675	668	71	392	2
456	4808	668	670	31	0	0
457	4809	670	676	5	0	0
458	4810	674	672	90	544	2
459	4812	677	678	40	204	1
460	4813	678	330	1091	893	5
461	4814	679	678	113	204	1
462	4839	680	681	29	596	3
463	4840	682	683	131	0	0
464	4841	684	685	81	0	0
465	4843	686	461	28	5848	9
466	4844	687	688	26	0	0
467	4845	689	690	56	596	3
468	4846	691	692	12	0	0
469	4850	681	693	58	469	4
470	4851	661	694	78	561	4
471	4868	695	696	604	0	0
472	4869	697	695	639	298	2
473	4870	40	698	94	391	3
474	4871	39	35	67	119	1
475	4872	699	700	103	2449	8
476	4873	701	702	37	562	3
477	4874	703	701	43	1156	7
478	4875	704	705	380	0	0
479	4876	706	46	20	188	1
480	4877	706	707	43	0	0
481	4878	46	707	19	0	0
482	4879	707	429	33	0	0
483	4881	708	709	38	0	0
484	4882	710	708	560	204	1
485	4996	644	711	370	213	2
486	4997	711	712	164	323	2
487	4998	713	714	506	0	0
488	5000	715	713	573	510	1
489	5001	715	716	350	94	1
490	5002	717	718	164	0	0
491	5003	718	716	51	0	0
492	5052	645	675	219	935	5
493	5146	39	40	13	94	1
494	5147	42	677	63	204	1
495	5234	60	719	163	1735	11
496	5461	326	90	160	596	3
497	5462	720	721	88	119	1
498	5463	67	720	63	511	3
499	5497	722	723	100	0	0
500	5511	724	725	147	0	0
501	5512	726	725	81	0	0
502	5513	328	727	34	0	0
503	5514	727	722	694	1098	6
504	5517	95	728	56	392	2
505	5518	729	730	21	298	2
506	5519	306	731	54	876	5
507	5520	305	732	70	1394	8
508	5521	269	310	143	485	4
509	5522	310	327	68	188	1
510	5542	733	721	81	408	2
511	5543	89	733	31	0	0
512	5600	301	734	58	1020	1
513	5601	89	734	37	0	0
514	5747	28	735	172	188	1
515	5748	312	736	21	238	1
516	5749	727	737	360	612	2
517	5750	737	738	287	0	0
518	5751	737	739	206	119	1
519	5752	740	724	348	680	1
520	5754	332	713	544	94	1
521	5871	646	717	523	408	1
522	5872	648	667	953	0	0
523	5892	741	695	560	391	3
524	5925	332	742	209	204	1
525	5928	743	744	164	94	1
526	5931	696	745	129	204	1
527	5935	679	746	429	0	0
528	5936	746	747	484	94	1
529	5937	746	748	247	204	1
530	5938	741	37	8	0	0
531	5995	749	750	90	1463	8
532	5996	751	689	19	408	1
533	5997	752	753	63	655	5
534	5998	754	755	26	375	3
535	5999	755	756	27	782	3
536	6000	757	758	31	740	3
537	6001	758	759	26	706	4
538	6002	760	761	34	748	4
539	6003	762	763	40	417	3
540	6004	763	764	88	0	0
541	6005	764	383	78	298	2
542	6006	764	765	125	1139	7
543	6007	765	766	10	188	1
544	6008	767	763	59	944	5
545	6009	763	768	48	834	5
546	6010	769	770	145	1930	13
547	6011	684	771	72	408	2
548	6012	771	772	103	986	4
549	6013	772	770	21	188	1
550	6014	770	773	70	281	3
551	6015	774	775	67	187	2
552	6016	552	776	55	0	0
553	6017	777	778	21	724	4
554	6018	778	779	35	238	1
555	6019	780	781	71	969	6
556	6020	725	313	153	94	1
557	6022	302	782	40	408	2
558	6038	275	783	555	0	0
559	6039	783	784	389	0	0
560	6040	784	554	89	0	0
561	6041	382	685	244	0	0
562	6042	769	785	104	0	0
563	6043	785	786	103	0	0
564	6044	787	273	665	0	0
565	6045	788	789	16	0	0
566	6046	789	80	133	94	1
567	6048	790	789	49	0	0
568	6049	791	788	140	0	0
569	6050	788	790	44	0	0
570	6051	790	792	124	94	1
571	6052	793	794	231	0	0
572	6053	793	795	268	391	3
573	6054	796	791	72	0	0
574	6055	791	797	735	0	0
575	6056	798	799	62	94	1
576	6059	740	28	148	0	0
577	6068	337	800	274	408	2
578	6069	801	711	44	0	0
579	6072	83	714	230	0	0
580	6073	714	802	523	94	1
581	6074	714	23	117	188	1
582	6075	802	803	197	0	0
583	6077	804	805	41	408	1
584	6086	806	463	28	0	0
585	6091	674	676	41	94	1
586	6092	676	667	91	94	1
587	6093	679	671	824	0	0
588	6094	647	671	600	204	1
589	6099	807	476	66	2100	7
590	6101	808	476	50	510	4
591	6102	809	810	55	1914	5
592	6103	472	524	57	2669	9
593	6104	811	812	181	2475	13
594	6105	813	814	158	1972	11
595	6106	480	815	64	0	0
596	6107	480	816	65	0	0
597	6108	816	817	69	3511	6
598	6109	818	469	21	1318	3
599	6110	819	820	8	0	0
600	6111	820	821	77	2849	6
601	6112	822	823	105	4438	14
602	6113	823	824	49	1744	8
603	6115	489	825	146	3019	11
604	6116	825	826	49	596	3
605	6117	827	490	167	1377	10
606	6118	828	829	64	332	2
607	6119	830	831	22	119	1
608	6120	832	833	97	816	2
609	6121	833	834	23	0	0
610	6122	835	836	95	885	7
611	6123	837	838	24	204	1
612	6125	839	398	12	0	0
613	6126	840	841	14	0	0
614	6137	828	842	115	3240	18
615	6138	466	843	101	1438	6
616	6139	843	686	96	4080	4
617	6140	699	844	50	2414	7
618	6141	845	838	293	4753	26
619	6142	846	847	225	4243	22
620	6143	812	848	92	2049	11
621	6144	848	835	15	282	2
622	6145	849	850	303	3111	18
623	6146	848	851	208	3002	18
624	6147	851	852	39	442	3
625	6148	839	853	29	774	2
626	6149	854	855	15	2040	2
627	6150	855	856	47	486	3
628	6151	857	858	62	204	1
629	6152	858	859	16	0	0
630	6153	655	860	75	94	1
631	6154	861	862	61	2448	3
632	6155	863	686	70	6410	10
633	6156	864	865	42	1343	3
634	6157	865	866	153	2168	14
635	6158	844	867	50	1633	11
636	6159	867	459	24	1913	6
637	6160	868	869	33	408	1
638	6161	862	839	46	94	1
639	6163	870	871	30	0	0
640	6174	872	873	34	375	3
641	6175	873	874	50	1004	5
642	6176	875	876	53	799	5
643	6177	876	877	32	672	4
644	6178	878	879	52	808	6
645	6179	880	881	38	970	5
646	6180	882	883	41	1378	6
647	6181	567	884	26	1216	9
648	6182	885	886	27	1029	7
649	6183	887	888	50	673	5
650	6184	889	890	61	0	0
651	6186	891	892	53	0	0
652	6187	892	893	37	2550	5
653	6188	894	895	61	510	4
654	6189	601	896	68	1148	7
655	6190	600	897	66	1081	6
656	6191	599	898	64	783	5
657	6192	899	900	43	0	0
658	6193	599	901	139	2508	12
659	6194	902	903	57	4080	4
660	6195	904	905	33	281	3
661	6196	905	906	43	655	7
662	6197	906	246	35	0	0
663	6198	907	248	116	2220	13
664	6199	908	909	61	0	0
665	6200	909	910	74	0	0
666	6201	910	911	44	408	2
667	6202	246	907	87	1157	6
668	6203	907	912	86	281	3
669	6219	885	913	16	0	0
670	6220	914	915	87	0	0
671	6221	916	917	231	2619	16
672	6222	917	918	23	0	0
673	6223	919	916	109	783	5
674	6224	916	920	63	698	5
675	6225	920	921	18	187	2
676	6226	921	922	78	689	5
677	6227	922	923	22	282	2
678	6228	923	924	56	1020	4
679	6229	924	925	87	1421	7
680	6230	926	927	124	8859	14
681	6231	927	928	26	0	0
682	6232	928	929	98	544	4
683	6233	929	930	54	188	1
684	6234	930	931	21	0	0
685	6235	932	933	100	672	6
686	6236	826	934	25	510	4
687	6237	922	935	239	2882	16
688	6238	936	924	230	2924	16
689	6239	925	937	219	3894	21
690	6240	351	899	67	791	5
691	6241	899	938	102	893	6
692	6242	938	939	58	0	0
693	6243	939	940	60	0	0
694	6244	929	443	162	885	5
695	6245	880	882	17	0	0
696	6246	445	941	45	213	2
697	6255	313	724	134	0	0
698	6258	944	908	240	3988	23
699	6259	908	945	35	646	3
700	6260	442	946	51	511	3
701	6261	946	927	252	3750	17
702	6262	241	238	38	0	0
703	6263	919	947	45	596	3
704	6264	947	948	43	646	2
705	6265	949	238	77	800	7
706	6266	950	932	111	0	0
707	6267	932	951	43	0	0
708	6268	952	953	59	0	0
709	6269	953	954	38	0	0
710	6270	954	955	53	94	1
711	6271	955	956	26	94	1
712	6272	957	876	65	188	1
713	6273	876	873	105	374	2
714	6274	958	902	27	0	0
715	6275	902	959	50	94	1
716	6276	959	960	27	0	0
717	6277	960	961	23	0	0
718	6278	961	962	52	188	1
719	6279	963	964	79	0	0
720	6280	965	966	122	1777	6
721	6281	950	967	48	1080	5
722	6282	967	968	56	1080	6
723	6283	968	241	75	1599	9
724	6284	969	970	61	1394	6
725	6286	749	694	56	188	1
726	6287	694	970	20	0	0
727	6288	970	971	48	238	1
728	6289	971	781	12	0	0
729	6290	781	779	11	0	0
730	6291	779	972	47	282	2
731	6293	973	752	7	0	0
732	6294	752	588	50	0	0
733	6295	588	974	90	1302	6
734	6296	973	751	27	0	0
735	6297	751	975	31	1513	6
736	6298	758	976	45	0	0
737	6299	758	530	77	408	2
738	6300	530	755	88	578	3
739	6301	977	530	33	238	1
740	6302	666	978	38	562	3
741	6303	979	980	111	0	0
742	6304	760	666	77	94	1
743	6305	981	982	58	281	3
744	6306	979	976	107	0	0
745	6307	979	784	82	0	0
746	6308	983	984	420	298	2
747	6309	984	985	90	0	0
748	6310	985	277	173	0	0
749	6311	797	111	1240	0	0
750	6313	797	25	473	0	0
751	6314	799	986	264	391	3
752	6315	986	987	132	0	0
753	6316	797	987	97	0	0
754	6317	987	988	661	1004	5
755	6318	988	989	393	374	2
756	6319	801	990	299	731	4
757	6321	991	992	96	188	1
758	6323	993	992	66	408	1
759	6324	982	394	59	613	4
760	6326	994	83	830	0	0
761	6327	994	713	979	0	0
762	6328	994	995	192	656	4
763	6329	995	996	118	0	0
764	6330	996	554	288	0	0
765	6331	787	997	377	1267	8
766	6332	997	991	53	408	1
767	6333	806	998	27	94	1
768	6334	472	999	47	2040	2
769	6335	655	1000	95	578	3
770	6340	989	336	246	94	1
771	6352	868	825	78	1615	6
772	6353	825	865	57	936	5
773	6354	1001	1002	31	1863	9
774	6355	850	1003	56	714	5
775	6356	819	809	73	1556	5
776	6357	400	1004	13	0	0
777	6358	1005	861	67	1224	3
778	6359	520	463	44	1224	4
779	6361	1006	519	16	0	0
780	6362	466	699	64	765	4
781	6363	1007	817	15	0	0
782	6364	821	1008	69	417	3
783	6365	821	807	49	2007	9
784	6366	807	854	19	0	0
785	6367	1008	840	74	1098	6
786	6368	1009	1006	48	2040	2
787	6369	1010	1011	77	4284	6
788	6370	1012	1013	16	3128	4
789	6371	1013	857	84	4174	7
790	6372	1011	1012	48	374	2
791	6373	152	858	33	0	0
792	6375	475	1014	20	0	0
793	6376	1014	1015	77	17710	17
794	6377	1016	1017	13	119	1
795	6378	1017	1001	96	1641	10
796	6379	1001	1018	53	1531	6
797	6380	281	1019	63	0	0
798	6381	484	828	9	0	0
799	6383	354	1020	122	621	4
800	6384	1020	1021	20	0	0
801	6385	1021	368	18	0	0
802	6386	343	1022	19	94	1
803	6387	1022	1023	134	3723	17
804	6388	1023	1024	34	0	0
805	6389	1025	1023	39	621	3
806	6393	1026	339	84	1021	6
807	6394	1027	345	32	282	2
808	6395	345	338	81	493	3
809	6396	437	1028	51	510	1
810	6410	360	1029	200	0	0
811	6411	1030	357	119	0	0
812	6413	344	1031	50	748	4
813	6416	363	1024	20	0	0
814	6418	151	229	60	94	1
815	6419	1032	1033	147	596	2
816	6420	657	1034	54	486	3
817	6421	1035	1036	54	816	4
818	6422	1037	1038	107	1581	9
819	6423	1039	1040	127	1956	11
820	6424	1041	1042	77	1896	8
821	6425	1043	1044	38	442	3
822	6426	1045	592	37	706	3
823	6427	1046	1047	33	706	4
824	6428	1048	1049	36	417	3
825	6429	1024	1050	110	3741	20
826	6430	1050	352	30	587	4
827	6431	1051	1052	36	332	2
828	6433	1053	1054	90	0	0
829	6434	1055	1056	64	1097	7
830	6435	1057	1058	64	1064	5
831	6436	1059	1060	62	1336	6
832	6437	1061	1062	35	613	4
833	6438	1062	1063	36	690	4
834	6439	1064	1065	34	561	4
835	6440	1065	1066	34	766	4
836	6655	1067	1068	141	2398	12
837	6656	1068	544	79	690	4
838	6657	544	1069	117	1258	8
839	6659	1070	1071	33	3060	3
840	6660	1072	1073	76	0	0
841	6661	1072	1074	54	0	0
842	6663	1075	1076	71	188	1
843	6664	1076	1077	92	408	1
844	6665	1078	1079	102	0	0
845	6666	1079	1080	53	0	0
846	6667	1080	1081	48	0	0
847	6668	1081	1082	60	204	1
848	6669	1083	1016	79	1183	6
849	6670	1084	505	29	0	0
850	6671	1085	1086	30	0	0
851	6672	1087	1088	20	0	0
852	6676	1089	446	34	94	1
853	6677	1090	1091	38	94	1
854	6678	1091	1084	64	690	3
855	6679	1085	1092	48	3758	5
856	6680	1093	1094	138	204	1
857	6681	1094	1095	196	1275	4
858	6682	1095	1096	206	792	6
859	6684	1097	1098	67	282	2
860	6685	1098	1099	137	604	2
861	6687	604	1100	159	0	0
862	6688	1101	1102	78	0	0
863	6689	1102	1103	21	0	0
864	6690	1103	1104	87	188	1
865	6691	1105	1106	184	0	0
866	6692	1106	1107	236	204	1
867	6693	1107	1108	29	0	0
868	6694	1106	1109	94	2040	2
869	6875	1110	1069	115	0	0
870	6876	1069	1111	106	0	0
871	6878	1111	1112	4	0	0
872	6881	1113	1114	194	1913	15
873	6882	1091	662	80	502	2
874	6883	663	1113	46	408	1
875	6884	1115	1116	19	238	1
876	6885	1117	1118	85	578	3
877	6886	1118	196	106	298	2
878	6887	196	1119	164	0	0
879	6889	933	1120	48	486	3
880	6890	1120	240	51	562	3
881	6891	935	1101	177	1948	14
882	6892	1102	1121	107	1667	10
883	6893	1121	936	99	1268	9
884	6894	937	1104	243	3638	23
885	6896	240	1100	35	0	0
886	6911	1123	586	435	188	1
887	6912	1118	1115	22	0	0
888	6913	1115	195	43	0	0
889	6915	1097	1095	100	94	1
890	6916	1095	1105	89	0	0
891	6917	227	603	87	0	0
892	6918	227	1124	319	94	1
893	6920	603	366	743	0	0
894	6922	1125	1126	47	748	6
895	6924	405	296	11	0	0
896	6925	296	1117	50	706	4
897	6926	404	1127	1285	0	0
898	6928	1128	1129	111	0	0
899	6929	1124	1130	168	332	2
900	6930	1130	1128	318	374	2
901	6931	1128	1131	75	0	0
902	6932	1131	1132	21	204	1
903	6933	1133	1131	938	561	4
904	6935	19	1134	437	502	3
905	6951	1135	1136	37	612	2
906	7180	1137	1133	67	0	0
907	7181	298	408	329	0	0
908	7182	1138	1139	21	298	2
909	7183	1140	1141	35	893	5
910	7184	1142	1143	36	595	4
911	7185	685	1144	23	0	0
912	7186	1145	1146	1143	1394	6
913	7187	1111	1147	41	238	1
914	7188	1147	1148	47	187	2
915	7189	1149	1150	40	0	0
916	7190	1151	1150	28	850	4
917	7191	1152	1153	20	392	2
918	7193	709	1154	210	1148	6
919	7195	1122	1155	222	901	5
920	7196	1154	1135	161	1352	5
921	7197	1135	260	54	0	0
922	7198	1156	257	61	502	3
923	7199	709	263	318	0	0
924	7200	1157	1152	116	1292	9
925	7201	260	1157	38	621	3
926	7220	1158	1159	11	94	1
927	7221	1160	1161	31	1768	3
928	7222	1162	834	49	0	0
929	7223	1162	1163	18	0	0
930	7224	1164	1165	51	1938	9
931	7225	1164	1166	60	1054	3
932	7226	1166	857	45	0	0
933	7227	859	1167	20	94	1
934	7228	1167	654	30	188	1
935	7229	1168	400	25	612	2
936	7230	1168	1005	115	3571	20
937	7231	1169	1170	39	0	0
938	7232	1171	1172	64	6120	6
939	7233	1169	1171	78	0	0
940	7434	1174	1149	20	94	1
941	7435	1175	1174	56	1020	4
942	7436	1176	1174	9	0	0
943	7437	1177	1178	52	94	1
944	7438	1178	1179	84	842	5
945	7439	1180	1178	42	656	4
946	7440	1181	1182	24	298	2
947	7441	692	1183	27	970	4
948	7442	481	1184	21	426	2
949	7443	842	1007	33	1736	9
950	7444	1185	483	5	0	0
951	7445	397	1186	43	1208	5
952	7446	484	518	70	579	4
953	7447	518	1187	26	0	0
954	7448	1187	830	13	408	1
955	7449	466	486	22	0	0
956	7451	486	1188	23	282	2
957	7452	487	1189	33	0	0
958	7453	1189	868	114	2815	15
959	7454	1189	1190	18	510	1
960	7455	866	1191	24	0	0
961	7456	1191	489	34	578	3
962	7457	459	487	112	5407	18
963	7458	1159	224	66	1624	11
964	7459	1160	1158	29	1122	4
965	7460	1192	1193	33	7668	23
966	7462	1194	1195	50	612	3
967	7463	1194	1196	14	0	0
968	7464	1195	1197	58	0	0
969	7465	1197	1198	94	0	0
970	7466	1198	1199	31	0	0
971	7467	1196	1197	97	0	0
972	7468	1200	1201	22	0	0
973	7469	1201	1202	48	374	2
974	7470	1200	1203	35	1122	4
975	7471	1201	1204	38	94	1
976	7472	1205	1206	20	0	0
977	7473	1205	1207	30	442	2
978	7474	1208	1209	131	485	4
979	7475	1210	1211	96	0	0
980	7477	1212	1213	27	188	1
981	7478	1213	1214	48	0	0
982	7480	1215	1216	84	8160	8
983	7482	1217	1218	114	0	0
984	7483	1219	1220	64	1020	1
985	7484	1214	1221	177	1020	1
986	7485	1221	650	165	0	0
987	7599	374	1223	44	188	1
988	7606	1224	1225	69	282	2
989	7607	520	1226	23	0	0
990	7608	1226	464	88	536	3
991	7610	1227	1228	317	0	0
992	7611	1228	223	105	4080	4
993	7635	1230	1127	179	0	0
994	7675	391	1231	62	612	3
995	7676	1232	1233	274	0	0
996	7679	1234	1235	125	0	0
997	7680	419	1232	61	204	1
998	7681	1232	1236	28	0	0
999	7684	1237	453	59	563	4
1000	7685	452	1238	50	706	4
1001	7686	452	1239	6	0	0
1002	7687	1239	1240	43	119	1
1003	7688	1239	1241	64	715	3
1004	7702	1186	1226	16	0	0
1005	7704	1242	1243	44	0	0
1006	7707	1244	1243	843	0	0
1007	7714	399	1245	50	2040	2
1008	7716	1246	1247	29	204	1
1009	7717	1247	1248	59	0	0
1010	7718	208	1249	16	0	0
1011	7719	1250	1251	53	1114	2
1012	7720	1252	1253	31	0	0
1013	7721	1253	208	6	0	0
1014	7737	1254	49	39	0	0
1015	7741	1255	1254	32	0	0
1016	7742	1254	48	36	0	0
1017	7744	866	224	49	1394	3
1018	7748	1243	1257	899	0	0
1019	7749	1258	1244	170	238	1
1020	7750	1244	1257	77	510	1
1021	7751	1259	1248	59	392	2
1022	7752	1248	1230	48	281	3
1023	7753	1260	1261	10	706	4
1024	7754	1261	1262	36	298	2
1025	7765	1118	1264	58	204	1
1026	7766	1264	586	49	0	0
1027	7767	1265	1266	73	1327	6
1028	7768	543	541	91	0	0
1029	7770	1267	1268	54	697	4
1030	7771	1268	1175	115	1098	6
1031	7772	389	1265	59	596	2
1032	7773	1269	1211	294	0	0
1033	7804	479	691	31	374	2
1034	7805	482	691	30	188	1
1035	7806	1270	1271	10	204	1
1036	7807	1272	1273	19	1098	9
1037	7808	1150	1267	55	782	4
1038	7809	498	1274	7	527	2
1039	7810	506	1275	77	0	0
1040	7811	1276	513	60	970	4
1041	7812	690	1277	31	502	3
1042	7813	1278	549	41	766	5
1043	7814	1279	279	25	298	2
1044	7815	1280	1281	25	936	5
1045	7817	1282	796	61	0	0
1046	7818	1283	1282	771	486	3
1047	7819	795	1282	155	680	1
1048	7820	800	715	334	816	3
1049	7821	1013	863	21	408	1
1050	7822	1284	461	35	340	1
1051	7823	998	1284	179	9922	28
1052	7824	1285	827	80	375	3
1053	7825	464	1185	48	0	0
1054	7827	1286	1287	101	469	4
1055	7828	1288	350	184	1990	9
1056	7830	451	1289	69	562	3
1057	7831	1290	1291	143	392	2
1058	7832	1292	1293	77	1870	5
1059	7833	705	1294	72	408	1
1060	7834	1294	1295	260	1302	6
1061	7835	705	1292	65	0	0
1062	7836	1292	1296	64	94	1
1063	7841	449	1297	112	442	2
1064	7843	1297	1298	58	204	1
1065	7845	1262	1250	41	0	0
1066	7846	1250	1299	46	188	1
1067	7848	1300	1252	26	94	1
1068	7849	1301	1302	68	188	1
1069	7850	1302	1250	81	298	2
1070	7851	1303	1302	33	119	1
1071	7852	1301	1304	18	0	0
1072	7853	1304	1299	61	282	2
1073	7854	1305	1262	49	204	1
1074	7855	1305	1306	142	323	2
1075	7856	1306	1307	65	408	2
1076	7857	1307	1305	92	204	1
1077	7858	1308	1309	127	94	1
1078	7859	1309	1303	78	94	1
1079	7860	1307	1310	34	298	2
1080	7861	1311	108	28	213	2
1081	7862	108	1312	103	391	3
1082	7863	1313	1314	65	502	3
1083	7864	1136	1315	12	204	1
1084	7866	1316	1317	18	0	0
1085	7867	1317	1318	73	1344	6
1086	7870	575	219	25	188	1
1087	7871	219	1319	59	401	3
1088	7872	376	217	7	0	0
1089	7873	217	682	36	188	1
1090	7874	374	683	131	1411	6
1091	7877	362	230	129	0	0
1092	7878	1320	919	45	1021	5
1093	7879	1321	245	88	986	4
1094	7880	245	445	3	0	0
1095	7884	1322	243	6	0	0
1096	7885	243	1323	17	119	1
1097	7898	140	120	24	0	0
1098	7915	1324	1325	770	0	0
1099	7917	1324	1326	259	0	0
1100	7918	516	1327	36	502	2
1101	7919	1249	516	51	0	0
1102	7921	72	1328	989	204	1
1103	7922	1328	559	687	894	5
1104	7931	417	1329	419	94	1
1105	7932	1329	288	55	188	1
1106	7933	1330	1331	475	94	1
1107	7936	1113	551	70	783	5
1108	7937	201	1333	46	94	1
1109	7938	1333	1334	15	204	1
1110	7939	485	1335	6	0	0
1111	7941	488	281	93	2228	3
1112	7942	1336	210	20	188	1
1113	7944	1132	1337	97	0	0
1114	7945	1337	1338	513	792	6
1115	7946	578	1339	363	392	2
1116	7947	1339	298	244	0	0
1117	7948	991	76	24	0	0
1118	7949	76	1138	51	417	3
1119	7950	1108	1340	9	0	0
1120	7951	1340	1263	138	238	1
1121	7952	1341	130	169	204	1
1122	7953	130	291	83	0	0
1123	7954	48	128	15	94	1
1124	7955	128	1342	88	408	2
1125	7961	1344	1345	81	188	1
1126	7962	1345	178	183	298	2
1127	7965	1154	136	180	1802	10
1128	7966	136	1346	249	94	1
1129	7967	1347	1348	25	204	1
1130	7968	1348	1349	19	0	0
1131	7975	1350	1351	97	238	1
1132	7976	1351	1352	10	0	0
1133	7977	1353	1354	31	520	3
1134	7981	1355	1356	71	748	4
1135	7982	1296	1357	167	578	3
1136	7983	1357	1358	8	119	1
1137	7984	1359	1360	20	0	0
1138	7985	1359	856	58	612	2
1139	7986	1361	1362	18	2618	14
1140	7987	1362	587	54	2058	11
1141	7988	684	1363	64	0	0
1142	7989	1363	1364	91	188	1
1143	7990	1365	1366	23	94	1
1144	7991	1366	1367	52	750	6
1145	7992	1368	1369	49	0	0
1146	8003	329	102	216	816	4
1147	8016	1326	105	633	0	0
1148	8017	105	1370	21	0	0
1149	8027	122	118	83	0	0
1150	8035	118	1371	152	0	0
1151	8073	170	1372	21	0	0
1152	8074	1372	169	128	408	1
1153	8075	169	1373	552	0	0
1154	8077	184	185	21	0	0
1155	8078	722	182	68	0	0
1156	8090	36	157	178	298	2
1157	8091	97	100	80	655	5
1158	8094	1334	172	53	519	4
1159	8095	172	163	5	0	0
1160	8096	657	197	236	2278	12
1161	8097	197	656	108	392	2
1162	8100	185	34	52	0	0
1163	8101	722	803	157	204	1
1164	8102	1374	193	219	2040	2
1165	8104	1076	199	31	323	2
1166	8105	199	173	49	748	6
1167	8106	823	152	72	0	0
1168	8107	176	166	10	0	0
1169	8108	176	1375	139	1378	8
1170	8109	1376	166	140	468	5
1171	8119	1077	146	37	486	3
1172	8120	146	1272	44	519	5
1173	8122	1378	283	49	188	1
1174	8123	283	1379	13	0	0
1175	8126	444	1382	4	0	0
1176	8127	1382	1383	57	2193	7
1177	8130	1384	170	44	0	0
1178	8154	1139	1385	195	1242	6
1179	8155	1385	995	36	408	1
1180	8158	795	78	140	0	0
1181	8159	78	796	20	0	0
1182	8209	11	9	59	0	0
1183	8211	1386	255	17	0	0
1184	8213	1387	1388	54	0	0
1185	8214	1388	1389	62	1360	2
1186	8215	1390	1391	12	332	3
1187	8216	1391	1392	64	281	3
1188	8217	1393	1394	29	0	0
1189	8218	1394	1395	90	1310	8
1190	8219	706	1396	11	0	0
1191	8220	1396	864	41	867	5
1192	8221	1381	1397	96	0	0
1193	8223	925	1398	67	1097	7
1194	8224	1398	926	13	0	0
1195	8226	386	1399	164	1360	4
1196	8227	1399	1400	85	1122	3
1197	8230	435	1402	35	187	2
1198	8231	1402	436	3	0	0
1199	8232	1403	1404	5	1020	1
1200	8233	1405	1406	55	799	5
1201	8262	639	985	283	0	0
1202	8265	1000	612	68	188	1
1203	8267	1407	1408	239	0	0
1204	8268	1350	1409	111	1191	5
1205	8269	1410	1411	636	0	0
1206	8271	1412	1227	63	204	1
1207	8275	1413	1414	275	1803	12
1208	8276	860	1415	17	0	0
1209	8277	1416	1417	94	1013	6
1210	8279	1418	1419	152	0	0
1211	8281	952	958	206	0	0
1212	8283	1420	1421	12	0	0
1213	8284	955	1422	55	765	5
1214	8285	952	957	134	0	0
1215	8286	957	1423	156	0	0
1216	8287	1424	1423	152	0	0
1217	8288	887	1425	53	1063	6
1218	8295	1426	1427	93	697	4
1219	8296	1236	1428	89	119	1
1220	8297	1428	1429	9	0	0
1221	8298	1430	1431	60	536	3
1222	8299	1431	1432	91	1208	5
1223	8302	1433	1434	174	0	0
1224	8303	1435	1436	36	520	4
1225	8304	1437	1438	36	910	5
1226	8305	1439	1440	24	4080	4
1227	8306	1441	1442	36	375	3
1228	8307	1443	1444	37	374	4
1229	8308	413	1355	194	1870	10
1230	8309	1445	1446	58	3740	20
1231	8310	455	1447	72	357	2
1232	8312	1448	1449	128	408	2
1233	8313	1449	1450	620	536	3
1234	8314	1451	1452	63	1267	8
1235	8315	1453	1454	35	188	1
1236	8316	1455	1456	39	0	0
1237	8317	1223	1457	12	119	1
1238	8318	1457	1458	243	3427	19
1239	8332	180	1459	492	298	2
1240	8333	1459	1460	148	0	0
1241	8334	1349	1459	144	94	1
1242	8335	1461	189	55	408	1
1243	8337	1462	1371	1574	588	5
1244	8343	1410	33	1793	0	0
1245	8344	563	1463	131	0	0
1246	8345	1463	1464	17	6120	6
1247	8347	1465	1466	294	0	0
1248	8348	1424	1465	80	0	0
1249	8349	1467	567	29	1054	7
1250	8350	1468	885	26	94	1
1251	8351	1469	885	29	1608	9
1252	8352	609	1470	581	408	2
1253	8353	723	738	281	238	1
1254	8355	1471	988	591	188	1
1255	8356	1011	1284	9	0	0
1256	8361	882	1365	42	0	0
1257	8362	1472	1473	32	562	3
1258	8365	1474	1475	94	0	0
1259	8366	1476	617	20	910	3
1260	8367	1477	1476	50	1217	7
1261	8368	1478	1479	12	0	0
1262	8369	945	1478	115	1319	8
1263	8372	1480	1481	307	204	1
1264	8373	1482	1483	38	0	0
1265	8374	1481	1482	323	0	0
1266	8375	1482	1484	259	204	1
1267	8387	532	1485	157	0	0
1268	8388	1332	532	205	94	1
1269	8389	1343	1486	265	749	5
1270	8390	1486	1344	143	392	2
1271	8391	1330	1316	381	0	0
1272	8392	1316	1290	21	0	0
1273	8393	628	1487	203	2619	16
1274	8394	1488	1489	214	3283	16
1275	8416	1490	1491	103	698	5
1276	8444	422	1492	118	0	0
1277	8445	637	422	724	204	1
1278	8450	593	1493	234	94	1
1279	8456	1283	1494	354	408	1
1280	8457	1494	1495	214	408	1
1281	8458	1494	641	345	5100	5
1282	8459	712	1471	28	188	1
1283	8460	1471	335	17	0	0
1284	8477	1496	140	139	204	1
1285	8478	140	1492	238	0	0
1286	8481	1498	1499	308	187	2
1287	8482	794	1500	590	0	0
1288	8484	440	868	79	3656	5
1289	8485	1019	440	17	0	0
1290	8508	1501	1172	79	0	0
1291	8570	1483	1502	20	0	0
1292	8803	1503	1498	265	188	1
1293	9112	1504	67	422	119	1
1294	9210	96	269	40	204	1
1295	9221	1505	329	51	527	3
1296	9222	1505	316	33	0	0
1297	9223	316	319	26	0	0
1298	9224	1505	319	36	204	1
1299	9239	299	301	76	876	5
1300	9248	303	1506	39	298	2
1301	9250	726	1507	341	731	3
1302	9251	303	1508	30	94	1
1303	9252	1508	304	29	119	1
1304	9253	1508	1509	40	408	2
1305	9399	716	1510	178	0	0
1306	9400	1510	747	155	204	1
1307	9401	1511	1512	23	204	1
1308	9402	1512	718	121	187	2
1309	9403	309	721	75	680	3
1310	9404	730	302	11	408	1
1311	9472	1513	1514	665	0	0
1312	9474	1515	1516	360	0	0
1313	9475	804	1513	928	0	0
1314	9481	1514	1518	251	0	0
1315	9482	1514	1515	25	0	0
1316	9483	1515	1517	346	0	0
1317	9484	1517	1519	302	510	1
1318	9485	1520	1258	63	0	0
1319	9499	1521	1522	376	0	0
1320	9501	1523	1524	50	0	0
1321	9502	1524	1521	465	0	0
1322	9503	401	1525	50	0	0
1323	9504	1526	1527	522	204	1
1324	9505	640	1527	261	0	0
1325	9508	1529	1498	357	392	2
1326	9509	1499	1530	166	204	1
1327	9510	1530	1531	287	0	0
1328	9511	1532	1531	447	714	4
1329	9512	1531	1528	51	0	0
1330	9513	1528	1533	199	204	1
1331	9515	1497	1516	70	94	1
1332	9516	1516	1534	162	408	2
1333	9541	124	424	82	0	0
1334	9600	1520	664	163	94	1
1335	9601	609	1535	24	0	0
1336	9602	1341	983	1176	0	0
1337	9603	1536	1255	30	0	0
1338	9604	1312	1314	9	0	0
1339	9605	1314	112	53	187	2
1340	9606	112	1519	21	204	1
1341	9607	1341	665	435	0	0
1342	9608	665	1526	634	298	2
1343	9610	1242	1537	280	0	0
1344	9612	1537	1523	189	1020	1
1345	9615	786	871	55	0	0
1346	9616	786	1538	14	0	0
1347	9617	775	871	31	0	0
1348	9619	1518	1533	671	204	1
1349	9620	1529	794	739	282	2
1350	9623	27	988	849	0	0
1351	9624	27	273	116	0	0
1352	9628	279	1539	27	392	2
1353	9629	1540	1541	16	918	6
1354	9631	1140	1542	23	204	1
1355	9632	1543	1142	26	0	0
1356	9633	1142	1544	15	94	1
1357	9634	771	1544	84	578	3
1358	9635	1544	1543	58	1004	3
1359	9636	1545	1546	55	1709	8
1360	9637	528	785	201	2670	17
1361	9638	773	1545	50	408	1
1362	9639	1545	1547	59	468	3
1363	9640	1545	701	24	0	0
1364	9641	1547	1548	36	724	4
1365	9642	1549	972	55	375	3
1366	9650	1550	1551	35	596	3
1367	9651	1551	1552	64	1098	6
1368	9652	1553	1554	35	782	4
1369	9653	1554	1555	68	969	6
1370	9655	1277	1540	13	188	1
1371	9656	1073	1556	44	1224	3
1372	9657	163	1557	23	400	4
1373	9658	1017	1558	31	2577	12
1374	9659	493	1559	33	486	3
1375	9660	1079	513	42	0	0
1376	9662	1560	1561	52	298	2
1377	9663	1562	1563	65	1020	2
1378	9664	1116	1564	66	1377	6
1379	9665	492	1083	22	298	2
1380	9666	1083	1074	63	894	5
1381	9667	1074	1565	6	408	1
1382	9668	1566	1567	7	0	0
1383	9669	1567	1568	44	1020	1
1384	9670	1569	1570	42	732	5
1385	9671	1570	1571	17	0	0
1386	9673	1572	1571	81	0	0
1387	9699	948	1574	61	876	7
1388	9700	569	1575	38	579	4
1389	9703	47	1576	73	3876	5
1390	9707	1577	565	28	1700	9
1391	9708	565	1578	27	1122	8
1392	9709	569	914	106	910	4
1393	9710	1579	921	170	1819	12
1394	9711	947	1580	60	757	7
1395	9713	1393	1581	62	1166	8
1396	9714	1582	1583	56	860	5
1397	9715	1473	1584	9	0	0
1398	9716	1584	1585	62	332	2
1399	9717	1586	1587	38	613	4
1400	9718	1588	941	71	1981	9
1401	9719	1397	248	92	392	2
1402	9720	1381	1589	101	630	4
1403	9721	1589	562	337	1522	4
1404	9726	958	1590	166	1156	8
1405	9727	1380	1589	104	510	1
1406	9728	1591	942	167	0	0
1407	9729	1592	1593	72	6120	6
1408	9730	1593	1594	12	0	0
1409	9731	1594	1595	32	281	3
1410	9732	1595	915	175	2764	15
1411	9733	915	944	188	1251	10
1412	9734	944	1596	70	0	0
1413	9735	1596	1597	92	0	0
1414	9736	1597	910	172	1633	15
1415	9737	910	1598	39	281	3
1416	9738	1599	909	40	0	0
1417	9739	909	1596	207	2424	17
1418	9740	1424	564	12	0	0
1419	9741	567	1468	29	375	3
1420	9742	941	1393	58	392	2
1421	9743	1582	1586	34	0	0
1422	9744	954	680	32	204	1
1423	9745	887	878	104	94	1
1424	9746	878	1423	61	0	0
1425	9747	1322	1321	119	952	7
1426	9748	1321	1600	60	502	3
1427	9749	1601	938	93	238	1
1428	9750	939	1602	15	0	0
1429	9751	1602	1603	320	7370	39
1430	9752	1604	347	239	4234	23
1431	9753	346	963	47	391	3
1432	9754	1605	1606	86	0	0
1433	9758	1591	1380	72	0	0
1434	9759	1397	912	86	706	4
1435	9760	912	402	10	0	0
1436	9761	47	427	20	0	0
1437	9762	428	1607	121	204	1
1438	9763	1607	616	10	0	0
1439	9764	616	967	113	2695	12
1440	9765	1605	942	27	0	0
1441	9767	891	1608	9	94	1
1442	9768	1608	1601	32	282	2
1443	9769	889	1322	90	3122	11
1444	9770	895	444	51	2644	6
1445	9771	931	1609	15	0	0
1446	9772	1609	1610	51	987	5
1447	9773	1610	1611	122	2406	16
1448	9774	1611	1612	20	282	2
1449	9775	617	251	38	706	4
1450	9776	1592	570	70	1012	3
1451	9777	570	1479	7	94	1
1452	9778	1479	428	137	2227	12
1453	9779	1613	1288	63	673	5
1454	9780	1028	1614	72	978	7
1455	9781	348	1613	74	0	0
1456	9785	352	1022	51	596	2
1457	9787	1615	338	150	493	5
1458	9788	1616	1617	154	2645	13
1459	9789	1618	1619	201	3699	23
1460	9790	1070	1620	68	748	6
1461	9791	1621	1072	56	520	3
1462	9792	1621	1622	116	1870	11
1463	9793	1073	1623	154	1880	11
1464	9794	173	162	37	595	4
1465	9795	162	1624	32	187	2
1466	9796	1075	201	24	94	1
1467	9797	1334	1625	53	282	2
1468	9798	1566	493	40	0	0
1469	9799	1080	1176	29	0	0
1470	9800	1082	1626	31	0	0
1471	9801	1626	508	29	0	0
1472	9802	1627	1626	34	188	1
1473	9803	1082	1628	16	0	0
1474	9804	1629	510	55	0	0
1475	9805	512	501	38	612	2
1476	9806	1630	1631	152	1293	10
1477	9807	1632	1633	152	893	9
1478	9808	1634	1635	94	1081	6
1479	9809	1635	1632	98	1301	7
1480	9810	1632	1630	99	766	6
1481	9811	1630	1636	99	918	6
1482	9812	1636	1637	25	188	1
1483	9813	1202	1634	63	0	0
1484	9814	1634	1638	105	1692	5
1485	9815	1638	1639	49	0	0
1486	9816	1639	1640	65	94	1
1487	9817	221	1641	174	2176	12
1488	9818	1641	1642	30	392	2
1489	9819	1642	1643	26	0	0
1490	9820	1643	1644	91	0	0
1491	9821	1645	1646	116	970	7
1492	9822	1647	1375	131	1989	8
1493	9824	1376	1170	192	596	3
1494	9826	1173	652	33	0	0
1495	9829	1648	1649	66	298	2
1496	9830	1649	1650	34	204	1
1497	9831	1650	1651	36	0	0
1498	9832	1401	1652	42	298	2
1499	9838	1379	1606	92	8976	24
1500	9842	1606	1653	17	7480	40
1501	9843	1653	1410	117	0	0
1502	9844	1654	1229	90	4080	4
1503	9845	1410	1229	129	680	1
1504	9847	1655	873	63	561	4
1505	9848	1656	1657	66	842	7
1506	9849	1658	1416	121	1251	8
1507	9850	1658	1659	121	469	4
1508	9851	1659	1660	36	307	2
1509	9852	1660	1661	37	187	2
1510	9853	1661	1416	56	0	0
1511	9854	1662	1663	19	0	0
1512	9855	1026	1662	46	1020	1
1513	9856	1027	1664	47	1114	2
1514	9861	1665	1666	68	94	1
1515	9862	1666	1667	66	706	4
1516	9863	1668	1669	93	0	0
1517	9864	1669	1670	3	0	0
1518	9865	1418	1671	52	2244	3
1519	9866	1672	1673	98	1914	9
1520	9867	1409	375	171	1336	7
1521	9868	375	1674	81	468	3
1522	9869	375	1675	71	0	0
1523	9870	682	373	59	94	1
1524	9871	1457	1676	116	1710	5
1525	9872	1375	1200	45	0	0
1526	9873	1202	1646	44	357	2
1527	9874	1646	1205	32	0	0
1528	9875	1206	1677	58	204	1
1529	9876	1644	1678	47	298	2
1530	9877	853	1679	63	536	3
1531	9878	1679	1376	149	2618	13
1532	9940	1179	1053	80	1531	7
1533	9941	1177	1680	41	579	4
1534	9942	505	1681	224	2899	17
1535	9943	1090	1060	120	621	4
1536	9944	1060	1058	63	392	2
1537	9945	1058	1056	62	375	3
1538	9946	980	1682	44	188	1
1539	9947	1682	1062	60	0	0
1540	9948	1062	1065	58	0	0
1541	9949	1551	1683	62	94	1
1542	9950	1683	1554	64	0	0
1543	9951	1554	1684	44	0	0
1544	9952	1685	1683	34	663	4
1545	9953	1683	1686	66	808	6
1546	9954	1687	1682	33	511	3
1547	9955	1682	1688	35	876	4
1548	9956	1689	1690	35	374	2
1549	9957	1690	1691	80	486	3
1550	9958	1691	1692	54	468	3
1551	9987	503	510	75	800	4
1552	9988	1629	1693	102	1548	9
1553	9989	658	508	56	486	3
1554	9990	541	1618	54	0	0
1555	9991	1691	1125	25	374	2
1556	9993	774	1694	10	94	1
1557	9994	1694	1562	51	204	1
1558	9995	1562	1560	108	1165	9
1559	9996	1560	1695	35	1114	2
1560	9997	1695	1696	27	238	1
1561	9998	1696	1697	40	0	0
1562	9999	663	1697	91	1191	6
1563	10000	1697	1087	185	1013	6
1564	10001	1275	1698	92	0	0
1565	10002	1698	1034	50	0	0
1566	10003	1694	1699	65	1224	2
1567	10004	1148	1700	52	281	3
1568	10005	1148	547	72	485	4
1569	10006	548	1701	75	562	3
1570	10009	980	1684	130	0	0
1571	10012	1689	497	20	0	0
1572	10013	1616	1618	115	282	2
1573	10015	1690	1702	48	1030	6
1574	10034	1651	1703	63	282	2
1575	10035	1411	168	21	0	0
1576	10036	400	1501	57	690	3
1577	10037	1704	1169	62	0	0
1578	10039	1170	1705	76	0	0
1579	10040	1705	1411	64	204	1
1580	10041	1706	1707	40	748	6
1581	10042	1707	1194	31	187	2
1582	10043	852	1648	130	1378	10
1583	10044	846	1650	111	1326	6
1584	10045	845	1703	93	911	6
1585	10046	849	1379	76	332	2
1586	10048	1421	1708	60	1361	7
1587	10049	1420	1709	50	527	3
1588	10050	913	1710	16	468	3
1589	10054	1660	1711	38	0	0
1590	10055	1661	1712	73	510	1
1591	10056	956	1420	25	0	0
1592	10060	1713	1426	25	408	1
1593	10061	1714	1715	69	1455	8
1594	10062	1716	1536	524	0	0
1595	10063	1364	769	46	0	0
1596	10064	221	1677	108	281	3
1597	10066	1717	1671	315	4226	24
1598	10068	1672	1352	103	1547	9
1599	10069	1718	426	46	749	5
1600	10070	1026	1027	102	0	0
1601	10072	573	1719	23	188	1
1602	10073	1719	1720	170	1556	7
1603	10074	1720	1676	127	706	5
1604	10075	1721	1722	26	94	1
1605	10076	1419	1664	91	281	3
1606	10077	1662	1723	37	94	1
1607	10078	1666	1724	152	3495	11
1608	10083	33	1665	95	282	2
1609	10085	1031	1377	94	0	0
1610	10086	1377	1025	33	188	1
1611	10087	1665	1725	128	1726	7
1612	10089	371	1724	50	595	4
1613	10090	574	1727	23	596	2
1614	10091	1676	1728	97	596	2
1615	10092	215	1719	36	0	0
1616	10093	1369	1729	95	562	3
1617	10094	1730	1731	69	894	5
1618	10096	962	1732	33	4080	4
1619	10097	1733	1198	83	936	5
1620	10098	1196	1733	105	6120	6
1621	10099	1221	1734	73	0	0
1622	10100	1734	1735	73	0	0
1623	10102	1733	652	32	0	0
1624	10117	1736	1737	57	476	3
1625	10118	1029	1738	107	0	0
1626	10119	1739	1024	63	392	2
1627	10120	1740	1741	33	298	2
1628	10123	1742	1743	43	3060	3
1629	10126	1161	1162	15	0	0
1630	10146	1088	1746	47	0	0
1631	10149	859	1166	191	0	0
1632	10150	1747	1748	65	8064	36
1633	10151	1749	1747	16	0	0
1634	10152	1750	1751	85	2856	10
1635	10153	596	524	38	1726	5
1636	10154	1015	596	46	0	0
1637	10156	1752	1164	44	238	1
1638	10157	810	1753	30	714	2
1639	10158	862	1754	75	94	1
1640	10159	427	1755	91	1428	2
1641	10160	686	1756	133	6920	13
1642	10161	692	1757	130	4080	4
1643	10162	1147	1758	36	494	4
1644	10163	1176	1759	34	282	2
1645	10239	75	73	34	204	1
1646	10284	356	368	97	0	0
1647	10285	1101	1093	86	94	1
1648	10286	1760	1761	30	0	0
1649	10287	1761	71	29	408	1
1650	10294	850	1762	91	527	3
1651	10295	1327	1259	118	187	2
1652	10299	32	1763	115	119	1
1653	10300	1764	1765	73	876	4
1654	10301	1766	1767	112	1514	7
1655	10302	1723	1667	163	94	1
1656	10304	1768	1769	26	374	2
1657	10314	1346	1122	161	0	0
1658	10315	1346	1770	429	188	1
1659	10334	1670	1771	47	4080	4
1660	10335	1319	1772	30	426	2
1661	10348	1481	1773	90	204	1
1662	10354	1774	1746	73	0	0
1663	10356	1775	1776	66	204	1
1664	10357	1777	1778	66	1139	2
1665	10360	1608	1779	114	1020	2
1666	10362	1780	1781	43	612	2
1667	10363	1477	1782	31	1428	2
1668	10364	1783	1784	39	511	3
1669	10365	397	1185	80	0	0
1670	10366	700	843	120	0	0
1671	10367	1785	1786	21	2040	2
1672	10368	1256	1787	45	2040	2
1673	10369	1788	1789	18	94	1
1674	10371	1790	1791	29	2040	2
1675	10373	1792	943	124	1530	2
1676	10374	814	1793	69	1173	8
1677	10375	1793	812	49	1003	6
1678	10376	838	1794	6	0	0
1679	10377	1794	850	95	417	3
1680	10378	1370	1795	321	0	0
1681	10379	1796	1370	279	188	1
1682	10380	1325	1797	171	0	0
1683	10381	1798	1797	72	188	1
1684	10383	24	1134	901	0	0
1685	10384	1799	24	88	204	1
1686	10385	1230	1800	231	510	1
1687	10386	1373	1801	31	119	1
1688	10387	404	582	76	426	2
1689	10389	1802	1144	97	596	2
1690	10390	1140	1803	23	298	2
1691	10391	1163	1804	16	188	1
1692	10392	1804	1161	15	0	0
1693	10393	1144	144	88	204	1
1694	10394	144	1802	147	1336	7
1695	10395	1802	1805	64	612	3
1696	10396	1364	1806	36	0	0
1697	10397	1806	1807	53	2040	2
1698	10443	1470	1809	151	0	0
1699	10445	1810	1376	44	0	0
1700	10446	1123	1811	307	0	0
1701	10447	1811	1137	667	408	1
1702	10448	1812	1811	224	94	1
1703	10449	602	1813	537	94	1
1704	10450	1814	142	42	188	1
1705	10461	1815	32	904	391	3
1706	10504	1496	1816	267	94	1
1707	10505	1817	1349	98	408	1
1708	10506	1297	515	20	94	1
1709	10507	1450	1384	287	0	0
1710	10509	1818	560	125	188	1
1711	10515	1819	25	327	204	1
1712	10516	291	1536	43	392	2
1713	10517	292	1820	379	434	2
1714	10518	990	1821	100	0	0
1715	10519	1821	792	224	0	0
1716	10520	1821	1822	71	119	1
1717	10540	1286	1823	65	1649	6
1718	10541	1823	1592	22	0	0
1719	10542	251	1286	60	1394	8
1720	10543	1824	614	29	392	2
1721	10544	968	615	158	2644	15
1722	10545	1825	1826	130	1667	9
1723	10547	940	1827	107	995	6
1724	10548	1827	929	95	596	3
1725	10550	1475	1828	52	3672	9
1726	10551	1585	1586	17	204	1
1727	10552	1590	1615	46	298	2
1728	10553	963	1829	24	323	2
1729	10554	1829	960	180	2176	13
1730	10556	1830	1778	38	374	2
1731	10557	432	1830	28	8094	11
1732	10567	869	965	30	2244	5
1733	10568	934	1831	7	204	1
1734	10569	966	950	144	0	0
1735	10571	1165	1832	32	1055	6
1736	10572	1832	1163	42	0	0
1737	10573	1565	1833	6	0	0
1738	10574	1834	1270	25	681	6
1739	10575	1568	1835	300	4523	27
1740	10576	1836	1837	45	1233	5
1741	10577	1568	430	42	94	1
1742	10578	1838	1839	108	1081	7
1743	10579	1571	1840	85	1420	8
1744	10580	1841	1842	130	2134	10
1745	10581	1572	1843	78	213	2
1746	10582	1843	1844	99	1191	7
1747	10583	561	1572	125	0	0
1748	10585	1035	496	69	0	0
1749	10586	1628	1629	38	928	4
1750	10587	504	1845	34	426	2
1751	10588	1845	1627	75	842	5
1752	10589	1627	507	98	0	0
1753	10591	514	1276	128	748	4
1754	10592	1077	1846	100	706	5
1755	10593	1846	1078	16	0	0
1756	10596	817	396	44	0	0
1757	10598	976	1110	167	0	0
1758	10600	1110	1847	32	187	2
1759	10601	1847	1068	157	2432	12
1760	10602	1684	1689	237	0	0
1761	10604	500	1848	24	1530	2
1762	10605	1848	534	40	1020	2
1763	10606	776	1278	67	562	3
1764	10607	772	1279	33	188	1
1765	10608	1542	1543	12	298	2
1766	10610	749	383	310	0	0
1767	10611	972	1849	18	0	0
1768	10612	1547	1280	45	374	2
1769	10613	1071	1110	16	0	0
1770	10615	1112	1089	22	204	1
1771	10617	1850	1090	35	94	1
1772	10618	446	1850	32	0	0
1773	10621	583	1851	41	408	1
1774	10622	1851	582	216	2237	12
1775	10623	211	215	8	0	0
1776	10627	287	1852	71	4080	4
1777	10630	1747	1853	27	0	0
1778	10631	259	75	27	408	1
1779	10633	1740	1599	101	876	5
1780	10634	1854	1855	60	1080	9
1781	10635	1738	1030	81	0	0
1782	10636	598	1010	52	4658	16
1783	10637	1749	1856	30	0	0
1784	10639	1857	1018	70	766	4
1785	10640	1858	1109	368	723	3
1786	10644	1859	1860	75	408	2
1787	10645	1427	1861	46	188	1
1788	10646	1432	1861	49	375	3
1789	10651	1862	1863	73	1200	7
1790	10652	1864	1452	4	0	0
1791	10660	31	1495	472	0	0
1792	10663	808	1865	56	0	0
1793	10665	687	1865	63	0	0
1794	10667	1538	1866	241	3342	21
1795	10668	1866	776	4	0	0
1796	10684	702	1867	27	578	3
1797	10685	1206	1868	40	612	2
1798	10686	1700	1869	28	187	2
1799	10690	1870	1871	23	94	1
1800	10691	1810	1679	197	451	3
1801	10694	406	1872	184	1853	4
1802	10695	1873	1874	70	1428	2
1803	10696	827	830	125	766	4
1804	10697	499	537	115	1734	4
1805	10698	1875	1609	49	238	1
1806	10699	1876	1824	30	374	2
1807	10700	1827	1877	34	94	1
1808	10701	568	1878	15	612	2
1809	10702	1711	1879	48	4080	4
1810	10703	1880	1881	93	0	0
1811	10709	860	1882	36	596	3
1812	10710	1883	1884	53	400	4
1813	10711	1885	1209	95	119	1
1814	10712	1886	391	80	1530	3
1815	10715	471	1887	40	1020	1
1816	10716	1888	1889	40	1020	1
1817	10717	460	1890	61	4080	4
1818	10725	1891	144	44	188	1
1819	10731	1892	1353	46	1148	8
1820	10734	1893	1894	113	0	0
1821	10735	1895	150	25	0	0
1822	10736	1895	1893	83	0	0
1823	10738	1182	1285	117	0	0
1824	10741	1893	1896	217	94	1
1825	10742	1894	1896	318	0	0
1826	10743	1896	1895	304	0	0
1827	10748	1897	1408	233	562	3
1828	10750	1894	1898	146	2040	2
1829	10754	370	1032	155	0	0
1830	10760	1881	1664	46	0	0
1831	10761	1881	1899	85	7480	40
1832	10762	1663	1880	27	4488	24
1833	10763	1880	1900	85	7724	10
1834	10764	1901	1776	37	188	1
1835	10765	1776	1902	83	1241	8
1836	10766	384	1903	230	0	0
1837	10767	470	1904	23	748	4
1838	10768	1904	1905	25	510	1
1839	10769	700	1888	33	1020	1
1840	10770	1888	1804	53	0	0
1841	10772	1889	1159	102	0	0
1842	10777	285	1873	165	0	0
1843	10783	1906	1870	24	391	3
1844	10784	1870	1645	58	494	4
1845	10796	1907	150	44	1208	3
1846	10798	1329	1908	56	94	1
1847	10834	1331	1909	140	408	1
1848	10835	1910	1911	74	188	1
1849	10838	1571	1838	90	187	2
1850	10839	1838	1841	87	426	3
1851	10840	1841	1912	60	1105	6
1852	10842	1035	1913	38	0	0
1853	10843	1913	1037	51	0	0
1854	10844	1037	1914	30	0	0
1855	10845	1914	1039	43	0	0
1856	10846	1039	1041	44	0	0
1857	10847	1041	557	84	94	1
1858	10848	592	1046	59	894	4
1859	10849	1046	1915	9	204	1
1860	10850	1913	1916	85	1548	8
1861	10851	1914	1917	76	1250	8
1862	10852	557	1044	23	0	0
1863	10853	1044	1836	54	612	3
1864	10854	1077	1048	39	187	2
1865	10855	1048	1051	64	578	3
1866	10856	1051	1918	47	282	2
1867	10857	1698	1919	129	1454	9
1868	10858	1919	1054	116	1565	8
1869	10859	1034	815	38	0	0
1870	10861	815	1920	95	1089	7
1871	10862	1920	1181	126	1931	11
1872	10863	1275	1177	29	94	1
1873	10864	1921	456	322	0	0
1874	10865	457	521	120	238	1
1875	10866	521	619	215	0	0
1876	10879	1922	1923	57	1156	7
1877	10880	1924	1925	16	502	3
1878	10881	1926	1927	153	375	3
1879	10882	1928	1929	59	935	6
1880	10884	416	1210	41	94	1
1881	10888	1930	1931	12	850	3
1882	10889	1931	1932	9	434	2
1883	10890	1931	1933	44	94	1
1884	10892	1927	1934	15	0	0
1885	10894	1222	1922	43	213	2
1886	10895	1935	1933	55	791	5
1887	10896	1933	1936	116	927	7
1888	10897	1936	1937	86	766	6
1889	10898	1938	1934	64	204	1
1890	10899	1934	1939	49	0	0
1891	10900	1637	1927	74	1029	4
1892	10901	1940	1926	45	613	4
1893	10902	1926	1941	14	0	0
1894	10904	1942	1943	81	94	1
1895	10905	1944	1945	99	782	3
1896	10906	1946	425	71	374	2
1897	10907	1947	1948	70	1004	7
1898	10908	1949	620	1044	0	0
1899	10911	1735	1949	381	0	0
1900	10913	1942	627	71	588	5
1901	10914	1943	1950	74	1216	7
1902	10915	1944	629	68	749	5
1903	10916	1945	1951	77	1080	6
1904	10917	1946	1952	72	563	4
1905	10918	1953	1948	41	94	1
1906	10919	1452	1954	60	0	0
1907	10920	1489	1487	71	936	5
1908	10921	1487	1955	26	426	2
1909	10922	12	623	63	562	3
1910	10923	623	1956	97	842	5
1911	10924	16	1957	150	2305	12
1912	10925	1957	1958	32	0	0
1913	10926	18	1959	193	2577	14
1914	10927	1950	1488	116	1591	10
1915	10928	630	1960	223	3367	16
1916	10929	1951	631	89	1395	7
1917	10930	632	622	54	307	2
1918	10931	1952	633	28	188	1
1919	10932	1961	633	35	374	2
1920	10933	1673	1675	29	596	2
1921	10934	1675	632	189	2170	12
1922	10935	1674	1962	28	426	2
1923	10936	1962	1963	91	809	4
1924	10937	1963	1964	35	0	0
1925	10938	1964	1455	56	0	0
1926	10939	635	1962	16	0	0
1927	10940	1458	1963	66	748	4
1928	10941	18	628	73	0	0
1929	10942	628	1488	72	0	0
1930	10943	1488	630	72	0	0
1931	10944	630	631	72	0	0
1932	10945	631	634	68	188	1
1933	10946	634	1675	38	0	0
1934	10949	1965	1966	37	0	0
1935	10950	1134	576	635	1191	6
1936	10951	1967	1134	211	0	0
1937	10953	1300	1968	62	281	3
1938	10954	1969	448	25	0	0
1939	10955	1970	1969	440	204	1
1940	10956	1253	1251	31	0	0
1941	10957	1967	1127	269	94	1
1942	10958	71	1308	35	825	4
1943	10959	1308	1301	117	1709	8
1944	10960	1299	1300	16	0	0
1945	10961	1249	449	15	0	0
1946	10962	515	1259	33	204	1
1947	10964	1971	1304	809	1650	4
1948	10965	1972	1973	321	510	1
1949	10966	1795	1973	251	0	0
1950	10967	1973	1971	256	0	0
1951	10968	1795	1974	525	0	0
1952	10969	1326	1384	1166	0	0
1953	10970	1326	1338	147	119	1
1954	10971	205	1324	1554	0	0
1955	10991	533	1975	115	0	0
1956	10992	178	1976	254	94	1
1957	10994	454	1977	96	1743	9
1958	10995	414	1234	155	0	0
1959	10996	1355	1235	115	0	0
1960	10997	411	1978	61	0	0
1961	10998	1978	149	9	0	0
1962	10999	149	454	59	0	0
1963	11000	454	1979	58	0	0
1964	11001	1979	1386	60	0	0
1965	11002	255	256	43	0	0
1966	11003	1980	1981	46	1530	2
1967	11004	1234	1980	39	0	0
1968	11005	1980	1982	102	408	1
1969	11009	1922	1928	94	1020	5
1970	11010	1928	1983	85	1037	5
1971	11011	1389	1222	153	0	0
1972	11012	1389	1392	41	595	3
1973	11013	1392	1984	67	357	2
1974	11014	1984	1985	63	375	3
1975	11015	1986	1218	22	0	0
1976	11016	1218	1387	155	0	0
1977	11017	1387	1987	26	0	0
1978	11018	1987	1988	79	0	0
1979	11019	1988	1211	90	0	0
1980	11020	1982	1220	32	0	0
1981	11021	1220	1989	57	119	1
1982	11022	1990	1991	67	1208	8
1983	11023	1992	1921	135	0	0
1984	11024	1217	1987	173	94	1
1985	11025	1678	1938	101	928	6
1986	11026	1211	414	623	0	0
1987	11027	1209	1210	130	94	1
1988	11028	1993	1598	85	995	8
1989	11030	1994	1956	72	612	4
1990	11032	1995	1996	100	1870	9
1991	11034	1949	1407	525	0	0
1992	11035	1718	1961	54	562	3
1993	11038	1965	1997	37	0	0
1994	11041	621	1964	28	0	0
1995	11042	2000	624	35	401	3
1996	11044	1456	2001	163	0	0
1997	11046	1455	572	54	502	2
1998	11047	1963	621	34	0	0
1999	11048	622	1960	71	867	5
2000	11049	1291	2002	57	612	3
2001	11055	21	1507	69	408	2
2002	11067	1242	1527	144	0	0
2003	11069	485	830	39	0	0
2004	11070	878	2003	50	707	6
2005	11071	2004	889	32	800	4
2006	11072	1601	2004	13	0	0
2007	11073	1838	2005	60	877	5
2008	11074	1084	1085	187	2390	13
2009	11075	2006	1641	33	392	2
2010	11076	1642	2007	35	298	2
2011	11079	1004	1706	27	656	4
2012	11080	1173	1171	48	0	0
2013	11081	1172	1707	45	0	0
2014	11082	653	1192	17	0	0
2015	11083	2008	2009	89	2040	2
2016	11084	1651	2008	12	0	0
2017	11086	1935	1643	29	502	3
2018	11087	1635	2010	145	1157	7
2019	11088	2010	1633	66	605	4
2020	11089	1633	2011	38	187	2
2021	11090	2011	1631	59	486	3
2022	11091	1631	2012	100	945	7
2023	11092	2012	1940	55	332	3
2024	11093	2010	1639	134	1377	10
2025	11094	1636	2012	153	842	7
2026	11098	1156	1860	54	298	2
2027	11099	1462	2013	268	0	0
2028	11104	1865	870	316	0	0
2029	11105	1236	1861	56	94	1
2030	11106	2014	2015	65	0	0
2031	11107	2016	2015	35	0	0
2032	11108	2015	1435	48	374	2
2033	11109	2015	2017	71	894	4
2034	11110	1566	1833	62	282	2
2035	11111	1704	1501	18	4080	4
2036	11112	856	1008	70	1871	6
2037	11113	1255	1716	17	0	0
2038	11114	1312	1716	54	323	2
2039	11119	1760	2018	1029	672	4
2040	11120	2019	559	153	0	0
2041	11121	1974	2020	174	0	0
2042	11122	2020	2021	211	204	1
2043	11123	559	1974	797	595	4
2044	11125	317	2018	370	0	0
2045	11126	2022	2019	18	94	1
2046	11127	323	2022	552	0	0
2047	11131	1448	1493	939	0	0
2048	11143	1502	2023	182	612	3
2049	11145	710	2024	400	408	2
2050	11146	265	1860	24	0	0
2051	11147	265	2025	113	579	4
2052	11149	263	526	761	0	0
2053	11150	526	2026	108	0	0
2054	11151	2026	403	669	0	0
2055	11153	1484	1462	198	204	1
2056	11154	2013	2026	941	213	2
2057	11155	2013	1461	488	391	3
2058	11156	1486	59	137	298	2
2059	11158	2027	1975	425	204	1
2060	11159	1975	1485	209	0	0
2061	11160	1485	1332	242	0	0
2062	11161	1	1332	623	188	1
2063	11165	1291	453	94	188	1
2064	11166	2028	2029	34	94	1
2065	11167	2029	1330	230	502	2
2066	11169	1815	6	195	0	0
2067	11170	1978	2030	28	0	0
2068	11189	2031	189	280	1268	8
2069	11193	2028	704	34	0	0
2070	11194	1861	1713	22	204	1
2071	11195	1426	1430	37	408	2
2072	11196	1429	1921	133	0	0
2073	11197	1434	2032	43	0	0
2074	11198	2032	2016	26	0	0
2075	11199	2014	2033	15	0	0
2076	11200	2033	2034	67	0	0
2077	11201	2034	2035	19	0	0
2078	11202	2035	2036	62	0	0
2079	11203	2036	1954	25	204	1
2080	11205	1954	2037	75	1122	7
2081	11206	2036	2038	80	791	7
2082	11207	2035	2039	70	1326	8
2083	11208	2034	1443	47	282	2
2084	11209	2033	1437	48	204	1
2085	11210	2014	1441	45	298	2
2086	11211	2016	2040	75	706	4
2087	11212	2032	2041	71	1054	6
2088	11213	2042	2043	72	1514	10
2089	11214	2044	2045	55	1054	5
2090	11215	1992	2044	51	0	0
2091	11216	2044	2042	14	0	0
2092	11217	2042	2046	85	486	3
2093	11218	2046	1714	85	400	4
2094	11219	1990	1953	45	204	1
2095	11220	2046	2047	66	919	7
2096	11221	2048	1491	637	281	3
2097	11222	1491	1347	43	374	2
2098	11224	1808	126	1317	0	0
2099	11225	1492	1371	283	0	0
2100	11232	1809	636	835	0	0
2101	11233	1535	1145	364	0	0
2102	11234	1809	1808	609	579	4
2103	11236	1998	2049	65	0	0
2104	11237	2049	2001	394	0	0
2105	11238	2049	1966	52	0	0
2106	11239	1966	1997	29	0	0
2107	11240	1997	1994	63	0	0
2108	11241	1956	626	70	680	5
2109	11242	1958	1959	70	800	5
2110	11250	497	1995	74	204	1
2111	11251	1995	1616	66	0	0
2112	11253	232	1736	37	0	0
2113	11254	1736	2050	20	0	0
2114	11255	2051	1739	68	2125	6
2115	11256	1739	369	19	0	0
2116	11260	372	228	58	0	0
2117	11261	228	361	128	0	0
2118	11262	2052	601	33	298	2
2119	11264	900	2052	56	527	3
2120	11265	2053	900	103	0	0
2121	11266	2053	2054	58	612	3
2122	11267	938	2053	43	561	3
2123	11268	914	2055	31	94	1
2124	11269	2055	2056	58	1046	6
2125	11270	2057	914	48	987	6
2126	11271	1287	1784	34	391	3
2127	11272	1784	2057	84	1140	8
2128	11279	561	1119	96	0	0
2129	11280	431	1744	363	0	0
2130	11282	195	579	50	204	1
2131	11283	579	2058	51	486	3
2132	11284	951	604	124	401	3
2133	11285	11	12	71	0	0
2134	11286	12	15	72	0	0
2135	11287	15	16	72	0	0
2136	11288	18	16	71	0	0
2137	11289	813	1707	41	0	0
2138	11290	1199	1648	63	408	1
2139	11291	811	1195	48	298	2
2140	11292	1658	1657	131	2645	18
2141	11293	1726	1724	112	1252	6
2142	11299	1093	1745	65	94	1
2143	11300	394	392	123	783	4
2144	11301	392	996	53	0	0
2145	11302	395	1139	128	204	1
2146	11318	1132	1129	60	0	0
2147	11322	2059	334	101	94	1
2148	11325	7	266	211	0	0
2149	11326	266	414	296	0	0
2150	11328	1290	2060	99	376	2
2151	11329	1677	2061	85	408	2
2152	11330	2061	1644	116	799	4
2153	11331	1483	710	119	1038	4
2154	11354	1734	2062	57	0	0
2155	11355	2062	1735	33	0	0
2156	11356	1939	1941	103	0	0
2157	11357	1939	1214	542	0	0
2158	11358	1433	1992	58	1020	1
2159	11359	1714	2063	28	188	1
2160	11360	2063	1990	55	392	2
2161	11361	1429	1766	34	0	0
2162	11362	1766	1764	123	282	2
2163	11363	457	2064	90	706	3
2164	11366	1720	2065	64	94	1
2165	11367	2066	2065	57	374	2
2166	11368	214	2067	62	1454	8
2167	11369	2067	1353	18	188	1
2168	11384	2068	1490	144	94	1
2169	11385	1460	132	138	94	1
2170	11387	126	1460	90	0	0
2171	11388	1378	2009	28	0	0
2172	11389	847	836	50	188	1
2173	11390	836	1884	48	298	2
2174	11391	1884	837	28	204	1
2175	11393	1993	1740	69	374	2
2176	11394	1854	2069	19	94	1
2177	11395	1854	1657	6	0	0
2178	11396	680	2070	49	238	2
2179	11397	953	2071	53	681	6
2180	11398	962	1401	41	0	0
2181	11399	1722	1419	29	307	2
2182	11400	1418	1670	89	0	0
2183	11401	1899	1669	20	0	0
2184	11402	1900	1668	20	0	0
2185	11403	1667	1668	25	2040	2
2186	11404	1723	1724	55	2227	4
2187	11405	1664	1662	94	0	0
2188	11411	1029	1030	31	0	0
2189	11413	1525	167	813	0	0
2190	11418	1360	688	52	2040	6
2191	11419	1521	1146	264	0	0
2192	11420	1054	1182	90	0	0
2193	11425	841	820	43	2040	2
2194	11426	468	819	33	2636	4
2195	11427	840	2072	69	3188	9
2196	11428	2072	1788	44	1522	7
2197	11429	1788	1009	26	970	4
2198	11430	1009	1790	62	0	0
2199	11431	1790	469	15	0	0
2200	11432	818	523	29	0	0
2201	11433	523	2073	27	596	2
2202	11434	818	998	69	791	4
2203	11435	480	1256	126	2040	2
2204	11437	1742	2074	13	0	0
2205	11441	1018	605	31	282	2
2206	11442	948	2075	9	298	2
2207	11443	2075	949	33	612	3
2208	11444	949	2076	60	1131	8
2209	11445	1100	1901	124	690	3
2210	11446	1901	1775	24	94	1
2211	11447	1775	1101	93	1166	5
2212	11448	918	2077	44	690	4
2213	11449	2077	2078	20	800	3
2214	11450	1518	1500	553	0	0
2215	11452	1500	2079	93	188	1
2216	11454	1373	450	165	612	2
2217	11455	664	608	72	0	0
2218	11456	1535	608	22	0	0
2219	11458	1257	1145	29	0	0
2220	11460	401	188	275	0	0
2221	11461	188	1146	18	0	0
2222	11466	187	1573	169	0	0
2223	11473	610	1522	387	0	0
2224	11474	870	610	26	0	0
2225	11475	1524	611	306	0	0
2226	11479	2061	2080	62	187	2
2227	11494	1415	861	59	698	2
2228	11495	1005	2081	57	0	0
2229	11496	2081	814	92	2415	9
2230	11498	1989	1217	57	374	2
2231	11500	1986	1219	130	0	0
2232	11501	1986	1215	30	0	0
2233	11503	1925	1984	79	1013	6
2234	11505	1988	1212	31	0	0
2235	11508	2082	1208	117	1836	3
2236	11509	2083	1936	49	486	3
2237	11510	1938	2084	102	629	5
2238	11511	2084	1269	100	188	1
2239	11512	1941	1407	693	0	0
2240	11513	1764	458	122	715	3
2241	11514	458	1413	55	94	1
2242	11515	1768	1965	115	749	5
2243	11516	1454	2085	56	0	0
2244	11523	2085	1368	93	681	4
2245	11528	1729	1730	121	1548	8
2246	11530	1731	1999	84	1768	6
2247	11534	1703	1378	39	204	1
2248	11535	365	1738	68	680	1
2249	11536	1021	234	59	281	3
2250	11537	237	2051	6	0	0
2251	11538	2051	1050	83	612	2
2252	11539	1725	1726	46	425	3
2253	11540	1088	377	7	0	0
2254	11541	2086	2087	52	2040	5
2255	11542	1746	2086	22	0	0
2256	11543	1086	1087	31	2244	12
2257	11545	1360	1774	63	0	0
2258	11546	1774	2086	50	1496	8
2259	11548	687	808	43	562	3
2260	11549	478	809	69	2645	11
2261	11550	810	471	35	468	3
2262	11551	999	1014	20	2040	2
2263	11552	1856	1015	99	282	2
2264	11553	2074	1750	79	680	1
2265	11554	1750	1749	9	0	0
2266	11555	1853	2088	110	4080	4
2267	11557	1085	2089	56	0	0
2268	11558	2089	656	51	298	2
2269	11575	920	1824	72	298	2
2270	11576	1477	1781	23	442	2
2271	11577	1781	1612	57	1676	8
2272	11578	1474	1612	52	282	2
2273	11579	1610	1828	52	0	0
2274	11580	1785	1474	24	0	0
2275	11581	880	2090	42	0	0
2276	11582	2090	1785	47	0	0
2277	11583	2091	2090	44	800	3
2278	11584	1828	595	60	0	0
2279	11585	595	1473	47	375	3
2280	11586	1584	1582	44	188	1
2281	11587	1383	931	41	1047	5
2282	11588	1323	895	17	307	2
2283	11589	2092	2093	38	782	6
2284	11590	890	2092	49	510	4
2285	11591	890	2094	45	119	1
2286	11594	1778	891	41	392	2
2287	11595	2095	2096	44	714	4
2288	11596	2096	436	60	1565	4
2289	11597	2097	2095	112	2644	15
2290	11598	2098	2097	3	0	0
2291	11599	2050	2098	16	596	2
2292	11600	2099	2100	87	1488	11
2293	11602	1948	1862	83	0	0
2294	11603	2101	1864	69	995	8
2295	11605	256	2102	98	1642	9
2296	11606	607	2103	17	94	1
2297	11607	1979	2104	94	1981	11
2298	11608	1386	606	77	1463	9
2299	11612	2105	473	78	1744	8
2300	11613	2105	808	48	0	0
2301	11615	1233	2106	305	2195	11
2302	11621	626	2107	48	664	3
2303	11622	2107	1958	21	307	2
2304	11623	1955	1959	44	375	3
2305	11624	1960	2108	53	613	4
2306	11625	2108	1489	16	94	1
2307	11626	1456	2109	119	1574	6
2308	11628	2001	1453	35	0	0
2309	11629	277	1523	568	0	0
2310	11637	1319	2110	51	646	2
2311	11639	192	2099	54	0	0
2312	11641	2111	254	66	2415	5
2313	11651	2112	391	27	0	0
2314	11652	1092	2113	22	1020	1
2315	11653	2113	1360	6	0	0
2316	11656	496	1119	116	0	0
2317	11658	1078	2114	34	1224	2
2318	11659	2114	388	8	0	0
2319	11660	388	2115	22	238	1
2320	11661	2115	2116	53	612	2
2321	11662	1075	2117	28	187	2
2322	11663	2117	555	25	374	4
2323	11672	2110	2118	15	94	1
2324	11673	2118	1768	11	0	0
2325	11674	2109	2119	38	282	2
2326	11675	2119	574	35	94	1
2327	11679	1440	2030	69	0	0
2328	11681	1447	2120	23	4080	4
2329	11684	979	760	45	0	0
2330	11687	1849	2121	104	1173	7
2331	11688	2121	2122	3	392	2
2332	11689	10	620	319	0	0
2333	11691	1076	2123	31	1140	7
2334	11692	2123	1834	48	1310	11
2335	11693	1073	2124	2	0	0
2336	11694	2124	1075	64	187	2
2337	11698	1335	2125	41	1020	1
2338	11699	1728	2126	56	187	2
2339	11700	210	2127	8	188	1
2340	11701	2127	214	54	562	3
2341	11702	2128	2085	5	188	1
2342	11703	1235	2129	98	2244	12
2343	11704	1356	2130	48	2262	12
2344	11705	2130	2131	43	1122	6
2345	11708	2132	2133	18	408	1
2346	11709	2133	1430	29	0	0
2347	11710	1430	2134	12	0	0
2348	11711	2134	2112	32	2040	2
2349	11712	2125	2135	65	596	2
2350	11713	2135	490	18	0	0
2351	11714	1406	1336	21	188	1
2352	11715	2136	2128	122	1326	7
2353	11716	2129	2137	47	3366	18
2354	11717	2137	1445	48	1344	6
2355	11718	1354	2138	36	374	2
2356	11719	2138	2136	22	188	1
2357	11720	2090	2139	28	1360	2
2358	11721	262	2140	53	0	0
2359	11722	2140	2027	602	94	1
2360	11723	2025	2141	23	94	1
2361	11724	2141	262	84	510	1
2362	11756	917	2142	9	0	0
2363	11757	2142	2143	95	486	3
2364	11758	918	2144	8	0	0
2365	11759	2144	1825	8	204	1
2366	11760	964	2145	18	8242	32
2367	11761	2145	1721	30	94	1
2368	11762	2065	2146	52	749	5
2369	11763	2146	211	74	878	4
2370	11764	571	1320	3	0	0
2371	11765	1607	2147	122	502	3
2372	11766	2147	2148	6	94	1
2373	11767	1903	2149	73	357	2
2374	11768	2149	2150	145	1666	7
2375	11769	1652	2151	15	0	0
2376	11770	2151	2152	56	401	3
2377	11771	2152	2153	18	94	1
2378	11772	2153	964	55	468	3
2379	11775	1104	1105	142	0	0
2380	11777	1728	1403	20	0	0
2381	11779	2126	2154	39	561	4
2382	11780	2154	1405	23	188	1
2383	11782	704	2155	88	204	1
2384	11783	2155	417	106	119	1
2385	11816	1137	2156	117	188	1
2386	11819	289	2157	39	1412	6
2387	11820	1296	2158	71	376	2
2388	11821	1340	2159	189	408	1
2389	11853	1187	2160	360	1224	2
2390	11862	1763	2161	150	94	1
2391	11863	0	2162	85	408	1
2392	11886	73	2163	35	596	2
2393	11907	1252	51	107	94	1
2394	11918	50	1342	71	298	2
2395	11997	2164	1466	146	12240	6
2396	12000	563	1465	76	0	0
2397	12004	1345	2165	63	282	2
2398	12022	2166	420	394	340	1
2399	12023	638	122	333	94	1
2400	12031	1343	1910	183	306	3
2401	12032	1910	1344	29	0	0
2402	12108	2167	720	23	408	2
2403	12110	61	63	68	0	0
2404	12111	2168	159	14	612	2
2405	12112	719	2169	10	94	1
2406	12113	66	2170	34	204	1
2407	-1	282	1019	1	0	0
2408	-6	6	7	184	0	0
2409	-7	8	6	911	0	0
2410	-11	71	72	280	0	0
2411	-12	97	29	727	0	0
2412	-15	177	174	27	0	0
2413	-16	2	1122	218	0	0
2414	-17	184	1377	103	0	0
2415	-18	185	370	68	0	0
2416	-20	223	1229	53	0	0
2417	-24	189	403	1144	0	0
2418	-25	154	366	358	0	0
2419	-26	161	298	44	0	0
2420	-27	275	382	344	0	0
2421	-28	372	1907	379	0	0
2422	-29	604	1744	431	0	0
2423	-30	642	743	281	0	0
2424	-31	649	1434	116	0	0
2425	-32	822	1742	32	0	0
2426	-35	942	943	170	0	0
2427	-36	973	1070	68	0	0
2428	-42	401	187	530	0	0
2429	-43	1173	1170	77	0	0
2430	-44	1222	2062	64	0	0
2431	-45	230	358	63	0	0
2432	-48	1256	1008	74	0	0
2433	-49	1263	602	292	0	0
2434	-51	1332	1343	33	0	0
2435	-52	1325	1129	429	0	0
2436	-53	1108	1374	164	0	0
2437	-54	406	1873	107	0	0
2438	-55	1380	1381	56	0	0
2439	-56	997	783	275	0	0
2440	-58	1417	1401	126	0	0
2441	-59	341	1726	26	0	0
2442	-60	1497	1517	117	0	0
2443	-61	475	1573	309	0	0
2444	-62	1528	1513	1300	0	0
2445	-66	1591	1605	144	0	0
2446	-67	653	1199	60	0	0
2447	-70	33	1676	383	0	0
2448	-71	1745	1744	133	0	0
2449	-72	805	1808	1131	0	0
2450	-73	1525	1496	1532	0	0
2451	-79	34	1224	434	0	0
2452	-80	834	224	186	0	0
2453	-81	45	8	557	0	0
2454	-82	1522	1573	212	0	0
2455	-85	455	2030	66	0	0
2456	-86	1998	1999	128	0	0
2457	-87	1998	619	936	0	0
2458	-88	822	1010	73	0	0
END
-----------------------------------------
InputUsedToGenerateTheGraph:
County:	Norddjurs
CenterNodeId:	5303
Radius:	7000
HouseTypes:	Normal	Summer	Apartment
NumberOfWasteFractions: 1
IntervalsForWasteFraction:	general	3.5	7.0	14.0
-----------------------------------------


