ProblemType:	CARP
NumberNodes:	2018
NumberEdges:	2655
DepotNodeNumber:	1504
NumberOfFractions:	1
NumberOfIntervalsForFraction	General_Glass_Metal_Plastic_Organic	1	14
GRAPH
EdgeNumber	EdgeId	StartNodeNumber	EndNodeNumber	Cost	Demand_0	Bins_0
START
0	9	3	4	41	16320	8
1	37	7	8	98	0	0
2	63	15	16	71	0	0
3	65	15	17	51	0	0
4	66	17	18	161	2040	2
5	67	19	20	58	0	0
6	68	20	21	27	2040	2
7	73	22	23	8	0	0
8	74	24	25	81	0	0
9	76	25	26	50	0	0
10	78	22	27	102	0	0
11	99	29	30	267	0	0
12	103	33	34	128	510	1
13	104	34	35	54	323	2
14	137	36	37	388	0	0
15	138	38	39	22	94	1
16	146	40	41	65	94	1
17	154	42	43	39	2550	3
18	155	44	45	10	0	0
19	156	45	46	37	94	1
20	162	47	48	1355	0	0
21	166	49	50	98	408	2
22	167	50	51	19	0	0
23	213	60	61	425	0	0
24	214	62	63	611	0	0
25	231	27	67	57	1020	1
26	250	60	72	1009	0	0
27	251	72	73	488	0	0
28	255	59	73	729	0	0
29	256	75	76	966	0	0
30	292	85	86	77	3230	4
31	293	86	87	36	0	0
32	302	44	90	64	3060	3
33	303	91	92	15	0	0
34	305	39	93	48	94	1
35	306	93	94	24	0	0
36	311	96	97	226	0	0
37	312	97	98	172	408	1
38	318	100	101	76	408	2
39	319	102	103	18	188	1
40	327	104	105	9	3060	3
41	329	104	106	39	0	0
42	338	90	108	17	680	1
43	339	108	42	54	1700	2
44	342	109	110	101	0	0
45	343	111	112	83	0	0
46	349	114	115	45	0	0
47	351	116	117	114	0	0
48	355	118	119	55	0	0
49	417	121	122	298	918	2
50	430	123	124	160	0	0
51	438	127	126	96	0	0
52	444	129	130	172	0	0
53	445	131	132	131	4760	7
54	446	133	134	240	0	0
55	450	136	137	292	0	0
56	451	138	139	87	0	0
57	452	140	141	23	188	1
58	454	142	143	22	0	0
59	478	147	148	74	0	0
60	480	149	150	17	0	0
61	481	150	151	92	3180	17
62	507	154	155	40	1530	2
63	509	156	157	32	0	0
64	554	160	161	48	816	2
65	573	165	166	33	0	0
66	574	166	167	27	0	0
67	578	169	170	77	1020	1
68	579	170	171	47	0	0
69	605	10	177	489	1020	2
70	642	178	179	147	510	1
71	645	23	180	135	680	1
72	650	181	182	40	3060	3
73	657	184	185	23	94	1
74	664	187	188	41	0	0
75	665	188	189	39	698	2
76	667	190	191	63	188	1
77	672	192	193	249	816	2
78	689	194	195	66	0	0
79	691	196	194	253	510	1
80	709	198	199	255	0	0
81	724	201	202	51	510	1
82	725	202	203	46	408	2
83	730	204	205	81	0	0
84	739	206	205	82	0	0
85	740	206	207	152	510	1
86	745	208	209	71	510	1
87	747	210	211	120	0	0
88	748	212	213	132	0	0
89	749	214	212	35	1020	1
90	750	215	216	244	510	1
91	756	13	217	112	1020	1
92	767	218	219	102	1020	1
93	778	222	223	3	188	1
94	779	223	224	140	0	0
95	781	225	226	567	0	0
96	784	227	228	627	0	0
97	831	233	234	93	0	0
98	832	234	235	247	1020	1
99	905	248	249	44	340	1
100	921	252	193	233	0	0
101	973	146	265	153	1224	3
102	1014	266	142	112	188	1
103	1015	267	268	77	510	1
104	1035	269	270	144	2040	2
105	1071	261	275	35	1020	1
106	1072	275	276	9	0	0
107	1075	277	278	256	0	0
108	1099	285	286	53	408	2
109	1101	287	237	147	0	0
110	1106	288	289	34	0	0
111	1107	289	290	120	187	2
112	1136	293	294	44	7140	7
113	1161	59	295	557	0	0
114	1166	62	296	493	0	0
115	1167	296	297	504	0	0
116	1168	297	60	503	0	0
117	1169	297	298	274	0	0
118	1170	298	72	1204	0	0
119	1183	300	231	240	0	0
120	1200	301	149	19	0	0
121	1272	304	305	79	0	0
122	1273	149	113	27	0	0
123	1274	306	307	1466	0	0
124	1275	258	308	555	0	0
125	1276	308	309	667	0	0
126	1277	258	310	725	0	0
127	1286	312	313	195	510	1
128	1290	314	32	737	0	0
129	1293	315	316	104	0	0
130	1295	307	151	1247	0	0
131	1297	317	318	321	0	0
132	1298	318	319	192	0	0
133	1300	319	320	9	0	0
134	1301	320	316	69	0	0
135	1308	88	323	247	0	0
136	1310	324	315	44	0	0
137	1311	315	320	60	0	0
138	1314	319	308	2044	0	0
139	1316	325	309	1222	0	0
140	1321	326	327	311	0	0
141	1322	328	309	2414	0	0
142	1335	329	330	489	0	0
143	1343	331	332	305	1020	1
144	1345	325	333	249	0	0
145	1349	333	334	275	0	0
146	1353	335	336	83	502	2
147	1355	334	331	162	0	0
148	1382	337	338	628	0	0
149	1383	337	339	501	0	0
150	1438	209	342	18	204	1
151	1442	343	344	690	1020	1
152	1452	345	346	138	3876	5
153	1460	291	347	1493	1020	1
154	1487	352	353	52	0	0
155	1492	354	355	232	0	0
156	1493	356	357	445	0	0
157	1499	358	359	602	0	0
158	1511	348	88	237	0	0
159	1524	363	364	67	0	0
160	1525	365	350	167	0	0
161	1531	368	369	323	0	0
162	1532	362	370	1118	0	0
163	1538	371	372	172	0	0
164	1540	373	371	172	0	0
165	1546	374	375	17	4080	4
166	1547	372	376	173	0	0
167	1569	379	380	1362	0	0
168	1570	225	381	1564	0	0
169	1578	382	383	1617	0	0
170	1584	384	385	68	0	0
171	1590	386	228	145	0	0
172	1591	228	387	641	0	0
173	1637	389	252	212	816	2
174	1666	395	396	750	0	0
175	1667	397	387	577	0	0
176	1668	387	304	201	0	0
177	1669	344	398	1232	0	0
178	1672	399	400	776	0	0
179	1690	8	287	154	0	0
180	1698	403	404	509	0	0
181	1704	405	78	992	0	0
182	1708	61	296	1721	0	0
183	1709	300	363	68	0	0
184	1711	406	407	87	1428	2
185	1712	407	352	57	0	0
186	1726	409	410	251	510	1
187	1738	414	415	1196	604	2
188	1745	417	312	792	0	0
189	1752	381	395	655	0	0
190	1757	321	317	311	0	0
191	1774	419	420	43	0	0
192	1775	421	422	47	1700	2
193	1778	423	424	15	1020	1
194	1798	426	233	161	0	0
195	1805	428	429	50	6120	6
196	1817	430	431	75	0	0
197	1823	376	373	173	0	0
198	1836	385	350	62	0	0
199	1837	385	352	51	0	0
200	1838	351	384	105	510	1
201	1839	384	353	52	0	0
202	1877	241	435	22	0	0
203	1878	435	436	34	0	0
204	1879	436	437	12	0	0
205	1880	437	241	25	0	0
206	1914	443	444	2115	0	0
207	1950	440	445	61	204	1
208	1954	446	447	50	612	3
209	1993	452	453	11	94	1
210	1997	454	455	50	0	0
211	1998	455	456	43	1020	1
212	1999	455	457	67	0	0
213	2019	85	458	60	816	2
214	2020	458	459	109	0	0
215	2021	460	428	8	0	0
216	2022	428	461	33	0	0
217	2026	463	464	322	0	0
218	2039	347	470	32	0	0
219	2061	473	176	30	0	0
220	2063	474	475	143	0	0
221	2099	58	295	663	0	0
222	2109	486	487	49	0	0
223	2112	488	51	64	0	0
224	2117	490	491	75	1020	1
225	2118	491	18	34	0	0
226	2120	492	160	104	94	1
227	2146	496	497	95	0	0
228	2150	498	499	973	0	0
229	2155	500	496	239	0	0
230	2165	501	502	33	204	1
231	2197	327	503	94	510	1
232	2201	504	505	611	0	0
233	2202	504	506	33	0	0
234	2203	506	507	99	0	0
235	2204	506	508	33	0	0
236	2205	508	509	99	0	0
237	2206	508	504	62	0	0
238	2213	473	474	72	0	0
239	2220	379	510	1375	0	0
240	2225	511	245	723	0	0
241	2231	169	484	10	0	0
242	2258	415	231	234	0	0
243	2299	514	515	111	4080	4
244	2301	516	517	84	7140	7
245	2303	518	519	85	1020	1
246	2304	520	518	42	0	0
247	2324	291	464	191	0	0
248	2349	304	521	116	0	0
249	2358	523	524	107	1020	1
250	2363	525	526	50	510	1
251	2380	272	378	187	2040	2
252	2393	527	528	142	1020	1
253	2420	526	531	44	0	0
254	2428	534	343	152	0	0
255	2430	535	534	99	0	0
256	2431	535	343	151	0	0
257	2457	538	539	20	0	0
258	2458	540	541	17	0	0
259	2459	541	542	205	0	0
260	2460	542	543	271	0	0
261	2461	544	545	269	0	0
262	2462	544	546	15	0	0
263	2470	547	549	8	0	0
264	2486	551	552	149	0	0
265	2488	553	554	193	0	0
266	2489	554	552	60	0	0
267	2492	551	553	224	0	0
268	2497	555	556	110	1020	1
269	2499	557	558	104	204	1
270	2507	559	262	128	2040	2
271	2510	561	562	11	510	1
272	2517	564	561	329	0	0
273	2518	550	565	50	5100	5
274	2519	566	567	649	0	0
275	2523	566	247	445	0	0
276	2524	569	570	1287	0	0
277	2525	569	571	43	0	0
278	2526	565	556	32	0	0
279	2531	274	574	64	1020	1
280	2532	574	575	14	0	0
281	2534	576	577	20	1020	1
282	2535	577	578	36	0	0
283	2536	559	579	143	0	0
284	2537	580	511	62	0	0
285	2541	581	484	51	0	0
286	2544	582	583	87	1020	2
287	2548	171	585	113	0	0
288	2561	587	281	7	0	0
289	2570	590	591	1849	0	0
290	2597	597	599	188	0	0
291	2608	601	602	560	2040	2
292	2609	601	183	19	0	0
293	2614	593	594	28	0	0
294	2615	603	604	184	0	0
295	2617	605	606	370	0	0
296	2624	608	599	106	0	0
297	2627	609	610	172	510	1
298	2628	610	611	58	0	0
299	2629	611	612	21	2040	2
300	2630	612	613	52	0	0
301	2631	613	608	66	0	0
302	2632	612	614	247	0	0
303	2638	615	616	22	0	0
304	2639	617	616	74	0	0
305	2640	616	608	161	204	1
306	2641	608	618	200	0	0
307	2653	340	620	262	0	0
308	2655	208	622	18	0	0
309	2660	570	624	239	0	0
310	2662	625	626	356	0	0
311	2666	560	627	86	0	0
312	2680	631	632	224	1020	1
313	2681	633	634	948	0	0
314	2682	635	128	8	0	0
315	2684	636	637	60	0	0
316	2686	638	604	53	0	0
317	2687	604	129	37	0	0
318	2688	603	638	153	0	0
319	2689	606	607	46	0	0
320	2698	639	248	22	0	0
321	2699	248	640	79	0	0
322	2713	643	644	379	0	0
323	2714	645	646	515	0	0
324	2718	62	647	625	0	0
325	2719	647	299	364	0	0
326	2722	649	650	705	0	0
327	2734	651	652	41	0	0
328	2736	653	654	128	0	0
329	2737	654	655	93	0	0
330	2738	655	656	104	357	3
331	2739	657	658	120	0	0
332	2740	658	659	30	0	0
333	2741	659	656	40	0	0
334	2762	661	625	121	510	1
335	2766	662	663	55	2652	6
336	2767	663	657	62	0	0
337	2769	663	664	140	1700	2
338	2774	665	666	37	0	0
339	2775	666	667	33	0	0
340	2776	667	668	217	0	0
341	2777	668	669	120	188	1
342	2778	670	671	103	510	1
343	2779	672	673	66	0	0
344	2780	673	674	125	0	0
345	2783	675	676	440	0	0
346	2785	665	677	46	0	0
347	2786	677	672	63	0	0
348	2787	672	401	105	0	0
349	2788	673	678	117	0	0
350	2789	655	679	96	0	0
351	2790	675	680	42	0	0
352	2802	682	683	11	0	0
353	2803	683	684	95	1020	1
354	2804	684	685	75	0	0
355	2806	685	686	42	0	0
356	2807	686	687	143	1020	1
357	2823	690	691	98	0	0
358	2824	391	471	517	0	0
359	2830	692	693	93	0	0
360	2837	694	695	102	0	0
361	2838	695	696	77	0	0
362	2839	696	697	92	0	0
363	2844	698	124	45	94	1
364	2850	699	700	46	94	1
365	2857	701	702	132	1700	2
366	2867	125	703	657	0	0
367	2868	704	310	448	0	0
368	2875	705	706	162	0	0
369	2880	707	708	27	510	1
370	2885	706	710	39	0	0
371	2888	709	706	21	0	0
372	2891	711	282	76	0	0
373	2892	282	712	39	0	0
374	2893	712	311	68	0	0
375	2898	713	710	32	0	0
376	2903	714	715	636	0	0
377	2911	716	717	79	816	2
378	2929	718	719	92	0	0
379	2930	718	720	67	0	0
380	2934	721	722	77	281	3
381	2940	724	34	102	0	0
382	2943	301	725	155	408	1
383	2948	727	728	9	0	0
384	2954	114	729	47	680	1
385	2955	729	724	50	282	2
386	2956	724	35	55	0	0
387	2960	113	703	42	0	0
388	2961	703	725	67	0	0
389	2962	725	147	216	0	0
390	2965	151	301	58	0	0
391	2967	730	731	120	408	1
392	2968	732	733	102	680	1
393	2972	735	689	53	0	0
394	2973	731	733	114	0	0
395	2974	736	737	28	0	0
396	2975	737	681	22	0	0
397	2976	681	738	28	0	0
398	2977	738	736	22	0	0
399	2978	739	740	36	0	0
400	2986	741	742	161	5100	5
401	2988	691	743	303	0	0
402	3000	449	744	24	0	0
403	3002	745	746	237	0	0
404	3004	747	748	26	0	0
405	3007	750	112	64	0	0
406	3008	751	752	107	510	1
407	3009	752	753	61	0	0
408	3010	754	755	21	510	1
409	3011	732	730	87	680	1
410	3012	735	756	8	0	0
411	3017	749	746	68	0	0
412	3023	758	759	28	0	0
413	3024	759	747	99	0	0
414	3029	760	761	170	2040	2
415	3030	761	762	11	0	0
416	3031	762	763	124	5100	5
417	3032	763	448	158	0	0
418	3033	448	750	217	0	0
419	3034	758	691	263	0	0
420	3041	692	743	67	0	0
421	3044	693	764	64	119	1
422	3059	767	768	432	0	0
423	3060	768	769	730	0	0
424	3061	770	768	887	0	0
425	3063	768	771	2175	0	0
426	3083	770	736	699	0	0
427	3092	773	774	304	0	0
428	3097	771	408	648	0	0
429	3116	110	776	26	0	0
430	3117	776	419	30	0	0
431	3119	776	777	108	0	0
432	3123	778	697	50	0	0
433	3124	697	779	224	0	0
434	3127	781	782	165	0	0
435	3131	408	783	816	0	0
436	3136	783	773	422	0	0
437	3141	784	425	58	0	0
438	3143	785	786	26	0	0
439	3145	787	788	257	0	0
440	3147	789	790	188	0	0
441	3155	251	390	110	0	0
442	3156	780	791	176	0	0
443	3161	792	778	88	0	0
444	3162	419	789	25	0	0
445	3166	794	795	14	0	0
446	3169	796	797	114	1020	1
447	3177	369	801	18	0	0
448	3178	801	802	85	0	0
449	3181	786	791	45	188	1
450	3182	791	707	47	510	1
451	3183	707	803	170	3264	6
452	3184	803	793	20	1020	1
453	3187	798	804	75	0	0
454	3203	330	314	389	94	1
455	3209	409	253	193	0	0
456	3230	255	413	702	0	0
457	3232	393	807	131	510	1
458	3236	392	806	814	0	0
459	3238	808	809	797	0	0
460	3240	806	810	714	0	0
461	3242	809	811	647	0	0
462	3244	812	366	1543	0	0
463	3279	815	816	21	3060	3
464	3292	817	818	8	1020	1
465	3301	819	820	70	94	1
466	3302	420	821	27	1360	3
467	3304	775	822	1257	0	0
468	3315	824	798	50	204	1
469	3318	780	795	182	0	0
470	3321	825	794	142	0	0
471	3334	255	811	5	0	0
472	3335	811	808	966	0	0
473	3338	827	828	898	0	0
474	3339	360	829	19	0	0
475	3341	828	829	16	0	0
476	3343	828	360	17	0	0
477	3386	830	813	20	0	0
478	3389	831	832	164	0	0
479	3393	109	834	86	0	0
480	3394	834	797	82	0	0
481	3395	423	834	18	0	0
482	3398	835	819	29	0	0
483	3399	819	694	142	0	0
484	3400	420	835	13	0	0
485	3402	796	787	1147	0	0
486	3416	836	799	58	0	0
487	3417	837	836	48	1020	1
488	3418	838	837	58	0	0
489	3425	839	840	19	0	0
490	3431	115	728	100	0	0
491	3433	841	723	34	680	1
492	3446	521	305	105	0	0
493	3447	305	842	593	0	0
494	3452	843	844	13	0	0
495	3458	848	849	20	0	0
496	3464	851	33	74	0	0
497	3471	324	421	13	0	0
498	3502	853	449	70	510	1
499	3506	753	754	34	1088	2
500	3507	755	823	25	510	1
501	3510	735	730	67	0	0
502	3512	854	855	45	680	1
503	3515	856	857	80	119	1
504	3516	857	684	108	0	0
505	3517	858	740	75	1020	1
506	3526	411	859	412	748	4
507	3563	799	861	99	0	0
508	3564	861	793	72	1020	1
509	3570	790	795	71	0	0
510	3577	802	862	38	1020	1
511	3582	863	838	23	374	2
512	3586	864	865	803	0	0
513	3587	866	867	24	0	0
514	3591	145	868	60	0	0
515	3592	868	444	229	0	0
516	3609	869	493	51	0	0
517	3611	871	872	100	0	0
518	3618	874	875	85	0	0
519	3619	875	876	96	0	0
520	3621	877	870	159	0	0
521	3625	532	846	495	0	0
522	3633	878	879	808	0	0
523	3643	153	443	856	0	0
524	3644	153	442	441	0	0
525	3650	411	880	866	0	0
526	3657	482	53	282	0	0
527	3658	712	711	114	0	0
528	3659	720	719	143	0	0
529	3660	318	322	173	0	0
530	3661	881	326	692	510	1
531	3663	326	328	390	0	0
532	3720	256	257	250	2432	5
533	3723	253	787	1205	0	0
534	3726	808	392	199	0	0
535	3727	393	814	1332	0	0
536	3736	355	882	62	0	0
537	3737	827	356	611	510	1
538	3738	357	359	2065	0	0
539	3761	501	852	913	0	0
540	3763	416	370	690	0	0
541	3770	884	396	732	0	0
542	3772	397	842	439	0	0
543	3786	886	887	1765	0	0
544	3801	890	891	133	0	0
545	3814	876	893	21	0	0
546	3820	874	869	118	0	0
547	3831	875	872	141	0	0
548	3832	872	278	191	1020	1
549	3851	441	894	468	510	1
550	3852	894	895	613	0	0
551	3858	896	897	80	0	0
552	3859	434	898	54	0	0
553	3860	487	899	47	0	0
554	3862	899	900	37	1360	2
555	3863	51	901	103	0	0
556	3875	904	107	101	0	0
557	3876	905	7	1073	408	2
558	3878	906	688	486	0	0
559	3879	8	236	102	714	3
560	3884	896	434	57	0	0
561	3896	439	443	159	0	0
562	3910	908	907	43	0	0
563	3912	734	907	43	0	0
564	3915	908	734	38	0	0
565	3945	911	912	795	1020	1
566	3946	912	913	653	0	0
567	3954	146	152	174	3264	4
568	3957	915	916	71	0	0
569	3958	917	288	44	0	0
570	3963	866	865	1334	510	1
571	3968	919	920	96	0	0
572	3969	920	869	84	0	0
573	3970	875	920	111	0	0
574	3981	488	917	31	510	1
575	3983	893	919	92	816	2
576	3990	145	888	640	0	0
577	3994	442	864	1050	0	0
578	4002	922	923	556	0	0
579	4009	433	924	312	0	0
580	4010	925	926	36	1428	2
581	4011	927	928	30	188	1
582	4012	929	930	136	0	0
583	4015	239	931	125	1700	5
584	4021	242	932	74	1020	1
585	4038	98	889	107	0	0
586	4044	933	930	7	0	0
587	4046	933	929	14	0	0
588	4047	929	44	16	187	2
589	4048	46	893	43	0	0
590	4049	46	927	16	0	0
591	4050	917	915	19	0	0
592	4051	901	221	143	0	0
593	4052	52	934	140	0	0
594	4056	935	433	349	1020	1
595	4064	906	936	20	0	0
596	4079	937	924	286	0	0
597	4082	939	224	105	408	1
598	4094	940	941	44	3060	3
599	4095	871	876	166	0	0
600	4096	919	49	110	731	4
601	4097	942	943	154	1411	6
602	4098	944	943	238	0	0
603	4099	945	946	54	0	0
604	4100	892	944	28	0	0
605	4101	892	947	22	0	0
606	4103	944	946	27	0	0
607	4104	946	947	24	0	0
608	4106	948	949	30	94	1
609	4109	950	951	33	188	1
610	4110	951	858	30	0	0
611	4111	82	952	101	1114	2
612	4113	953	572	126	2040	2
613	4122	954	955	43	2040	2
614	4123	955	956	71	2040	2
615	4128	957	576	297	0	0
616	4130	909	910	204	0	0
617	4136	909	576	77	0	0
618	4158	143	961	49	0	0
619	4162	645	962	144	0	0
620	4171	575	957	274	0	0
621	4172	957	492	7	0	0
622	4173	100	102	56	0	0
623	4175	159	963	138	612	2
624	4176	963	559	113	2040	2
625	4177	579	964	39	0	0
626	4178	964	965	57	1530	2
627	4179	965	580	211	0	0
628	4185	850	530	11	0	0
629	4186	530	533	15	0	0
630	4187	533	480	9	0	0
631	4188	480	850	17	0	0
632	4196	969	970	73	0	0
633	4197	971	972	104	680	1
634	4198	972	973	72	0	0
635	4203	976	977	535	408	2
636	4204	977	904	148	408	1
637	4211	978	448	448	2040	2
638	4212	762	979	88	2040	2
639	4214	980	981	116	94	1
640	4223	306	32	32	0	0
641	4252	982	801	88	0	0
642	4254	983	984	17	94	1
643	4269	520	988	45	0	0
644	4300	991	992	32	510	1
645	4301	902	934	47	0	0
646	4318	996	997	9	0	0
647	4319	997	998	73	0	0
648	4320	999	1000	103	0	0
649	4330	1001	1002	220	94	1
650	4331	1002	1003	482	1020	1
651	4341	997	233	164	0	0
652	4345	1000	5	342	0	0
653	4348	89	1005	277	0	0
654	4366	570	498	1076	188	1
655	4409	335	325	57	0	0
656	4417	990	65	1277	0	0
657	4428	1007	1008	117	0	0
658	4465	1007	463	160	0	0
659	4467	1008	463	259	2040	3
660	4480	934	1013	91	2040	2
661	4493	1014	1015	33	16536	16
662	4494	1015	1016	28	0	0
663	4496	1017	1018	98	2040	2
664	4503	988	1020	30	0	0
665	4504	1021	1022	214	0	0
666	4505	1023	1024	544	0	0
667	4507	877	1017	55	0	0
668	4518	1027	1028	28	0	0
669	4526	1029	1030	81	6528	10
670	4530	1031	1032	75	357	3
671	4535	1033	1034	29	0	0
672	4538	1036	1037	42	0	0
673	4540	1038	1039	16	0	0
674	4541	1039	1040	194	1020	1
675	4542	1041	1042	44	0	0
676	4543	1042	1043	86	510	1
677	4544	1044	1045	2	0	0
678	4545	1046	1047	66	3570	4
679	4546	1047	1044	37	2040	2
680	4547	1048	1049	18	680	1
681	4549	1050	1051	191	3740	12
682	4550	1052	1053	49	0	0
683	4551	1053	1054	16	562	3
684	4554	1056	1057	48	0	0
685	4556	1059	1060	55	0	0
686	4557	1061	1059	40	510	1
687	4571	1065	1064	19	0	0
688	4574	1066	1067	356	0	0
689	4578	1068	1069	33	0	0
690	4594	969	1070	62	1020	1
691	4595	1070	1071	19	0	0
692	4608	1073	1074	29	510	1
693	4609	1075	1076	84	3400	5
694	4610	1077	1075	20	1020	2
695	4611	1074	1078	50	1530	3
696	4612	1078	1079	9	0	0
697	4613	1080	1081	26	1020	2
698	4614	1081	1077	40	510	1
699	4615	1079	1082	54	850	2
700	4621	1083	1084	176	0	0
701	4628	1086	1087	5	0	0
702	4643	1089	1090	157	1496	3
703	4644	1090	1091	33	2040	2
704	4654	1093	1094	35	1360	2
705	4655	1095	1096	53	2346	6
706	4656	1096	1097	42	1326	3
707	4663	1098	1099	200	8282	10
708	4668	1101	1102	16	0	0
709	4669	1103	1104	281	1020	1
710	4677	1105	1106	74	5100	5
711	4682	1107	885	888	0	0
712	4691	226	884	1382	0	0
713	4692	226	1108	273	0	0
714	4694	1109	1110	776	1428	2
715	4695	1111	1109	180	0	0
716	4696	1110	225	1049	0	0
717	4698	886	845	715	0	0
718	4700	1112	879	796	0	0
719	4713	1113	1114	470	1114	2
720	4716	210	1115	185	0	0
721	4726	1116	1025	68	510	1
722	4730	1118	1119	49	0	0
723	4733	1120	218	21	0	0
724	4734	1121	1122	1369	0	0
725	4746	14	1127	1463	0	0
726	4748	1128	1129	178	0	0
727	4749	1129	1130	36	0	0
728	4750	1130	1131	118	0	0
729	4751	1131	1132	87	0	0
730	4752	1132	14	54	0	0
731	4754	1132	1133	349	0	0
732	4755	1134	1135	292	0	0
733	4756	1135	1127	214	0	0
734	4757	1135	1136	1081	850	2
735	4758	1136	1137	480	0	0
736	4764	1138	1139	291	0	0
737	4765	1140	1141	343	0	0
738	4783	1142	1143	153	0	0
739	4787	1144	1145	20	0	0
740	4794	1146	1147	103	0	0
741	4795	1148	1149	630	0	0
742	4800	1150	1151	577	1700	2
743	4811	1152	1154	937	0	0
744	4814	1155	629	113	0	0
745	4831	1158	1159	1268	0	0
746	4833	1159	264	1275	0	0
747	4834	1159	1160	168	0	0
748	4843	1162	1038	28	5848	9
749	4844	1163	1164	26	0	0
750	4852	512	1166	1164	0	0
751	4854	243	1167	366	0	0
752	4855	1168	1154	165	0	0
753	4856	1168	1169	178	2040	2
754	4862	1170	1171	77	5610	6
755	4863	1171	1154	36	0	0
756	4872	1173	1174	103	1224	2
757	4876	1175	118	20	0	0
758	4877	1175	1022	43	0	0
759	4878	118	1022	19	0	0
760	4880	1176	1177	1209	0	0
761	4881	1176	1178	38	0	0
762	4906	1112	878	316	0	0
763	4910	884	880	1501	0	0
764	4911	884	386	1203	0	0
765	4915	1180	1111	360	510	1
766	4919	481	831	98	0	0
767	4920	1182	831	9	0	0
768	4924	1182	832	161	0	0
769	4939	1183	1184	18	0	0
770	4940	1167	630	385	0	0
771	4942	1185	1186	515	0	0
772	4944	1187	1188	52	0	0
773	4945	1188	1184	24	0	0
774	4946	1186	1167	236	816	2
775	4949	1188	1183	31	0	0
776	4951	1121	1190	140	0	0
777	4952	1190	1191	374	0	0
778	4953	1191	1192	406	0	0
779	4954	341	1192	325	0	0
780	4961	1195	1193	239	0	0
781	4964	1194	1196	504	0	0
782	4968	1197	1196	216	0	0
783	4970	1128	1130	217	0	0
784	4971	1129	1131	157	0	0
785	4985	1199	232	81	0	0
786	4995	1201	603	145	0	0
787	4997	1137	650	192	0	0
788	4998	1202	1203	506	0	0
789	5000	1204	1202	573	510	1
790	5001	1204	1205	350	0	0
791	5009	1206	1140	1096	0	0
792	5010	1206	399	141	0	0
793	5033	1209	1208	42	0	0
794	5039	1210	1160	889	0	0
795	5048	1166	1197	1720	0	0
796	5060	63	1213	188	0	0
797	5079	1214	645	266	0	0
798	5080	1214	1179	187	510	1
799	5090	1216	1217	44	1020	1
800	5110	1221	1222	125	0	0
801	5112	1223	1222	176	0	0
802	5113	1222	1224	28	0	0
803	5118	1211	1225	160	0	0
804	5119	1225	1221	91	0	0
805	5120	1221	1223	21	0	0
806	5121	1223	244	75	0	0
807	5123	512	1224	116	0	0
808	5163	1227	1228	64	0	0
809	5164	1228	1229	6	0	0
810	5165	1229	1230	32	0	0
811	5166	1230	15	57	0	0
812	5171	71	1232	120	510	1
813	5173	70	1233	119	0	0
814	5174	1234	1229	125	0	0
815	5177	1235	1236	33	0	0
816	5186	245	1238	194	0	0
817	5200	960	1239	18	0	0
818	5201	1239	1240	53	816	2
819	5203	960	1241	29	0	0
820	5204	1241	1242	154	510	1
821	5207	644	28	107	0	0
822	5210	1241	1243	203	0	0
823	5211	1243	279	47	0	0
824	5215	1244	1245	65	0	0
825	5217	1246	1245	104	0	0
826	5227	263	564	271	0	0
827	5238	545	541	14	0	0
828	5239	538	1249	13	0	0
829	5242	545	540	15	0	0
830	5243	539	1249	20	0	0
831	5275	1199	958	134	1020	2
832	5291	1212	69	874	0	0
833	5305	989	1217	276	0	0
834	5322	1253	144	104	0	0
835	5326	29	1254	120	0	0
836	5334	1255	1256	65	0	0
837	5357	1219	1257	138	0	0
838	5374	24	1258	145	0	0
839	5393	1259	1260	117	1700	2
840	5395	276	628	395	0	0
841	5399	1261	143	46	0	0
842	5401	1262	135	76	816	2
843	5402	966	66	39	0	0
844	5407	643	1244	108	0	0
845	5408	1255	1244	44	0	0
846	5409	1245	1256	56	1020	1
847	5445	1230	1235	210	0	0
848	5446	1228	1265	105	0	0
849	5450	139	162	67	434	2
850	5466	1234	1233	49	0	0
851	5467	163	1234	25	0	0
852	5510	499	84	244	0	0
853	5526	1266	1267	251	1020	1
854	5528	543	548	959	0	0
855	5545	1268	1269	56	748	3
856	5565	1273	1274	101	0	0
857	5566	137	1275	18	0	0
858	5567	137	1231	27	0	0
859	5600	600	1277	58	1020	1
860	5610	1278	1279	83	0	0
861	5611	995	127	29	0	0
862	5612	127	1278	23	0	0
863	5613	995	1259	26	0	0
864	5614	1259	1278	28	0	0
865	5632	959	1255	136	0	0
866	5633	1256	959	78	0	0
867	5672	990	1254	59	0	0
868	5674	1265	1281	89	0	0
869	5675	1281	1237	101	0	0
870	5678	1274	1281	18	0	0
871	5679	1227	1274	97	0	0
872	5680	1227	1273	52	0	0
873	5712	1231	1275	18	0	0
874	5737	1016	1285	27	1700	2
875	5739	1286	511	915	0	0
876	5757	6	1287	14	94	1
877	5758	1288	1289	36	850	2
878	5761	1290	633	158	0	0
879	5763	128	1291	44	1530	3
880	5807	1294	1295	93	1020	1
881	5857	1297	1298	326	1020	1
882	5861	1299	1297	167	0	0
883	5862	1299	1300	201	4080	4
884	5869	1189	1190	547	0	0
885	5895	567	264	447	0	0
886	5910	549	626	1913	0	0
887	5914	1303	588	271	0	0
888	5917	1304	1305	862	0	0
889	5919	1306	1284	865	0	0
890	5958	596	1308	277	510	1
891	5967	1309	1310	186	0	0
892	5971	1213	1311	145	0	0
893	5973	1311	63	156	0	0
894	5984	1309	1313	162	5100	5
895	5986	1314	405	964	0	0
896	6010	1315	1316	145	0	0
897	6015	1317	1318	108	0	0
898	6023	593	595	29	0	0
899	6024	595	594	28	0	0
900	6038	507	1319	555	0	0
901	6039	1319	1320	389	0	0
902	6040	1320	1085	89	0	0
903	6044	505	1322	1042	0	0
904	6054	1326	1323	72	0	0
905	6055	1323	1327	735	0	0
906	6072	177	1203	230	0	0
907	6074	1203	10	220	0	0
908	6086	1040	1329	55	0	0
909	6088	1210	1158	601	0	0
910	6099	1330	1052	66	1632	4
911	6101	1331	1052	50	0	0
912	6102	1332	1333	55	1020	1
913	6103	1049	1072	57	1224	3
914	6105	1334	1335	199	0	0
915	6106	1055	1336	64	0	0
916	6107	1055	1337	65	0	0
917	6108	1337	1338	69	3060	3
918	6109	1339	1046	21	1020	1
919	6110	1340	1341	8	0	0
920	6111	1341	1342	77	2040	2
921	6112	1343	1344	105	3494	9
922	6113	1344	1345	49	442	3
923	6115	1061	1346	146	1938	4
924	6117	1347	1348	167	0	0
925	6125	1349	971	12	0	0
926	6126	1350	1351	14	0	0
927	6132	587	1303	280	0	0
928	6136	1280	1352	1089	0	0
929	6137	1353	1354	115	340	1
930	6138	1043	1355	101	340	1
931	6139	1355	1162	96	4080	4
932	6140	1173	1356	50	1020	1
933	6148	1349	1357	29	680	1
934	6149	1358	1359	15	2040	2
935	6150	1359	1360	47	0	0
936	6151	1361	1362	62	0	0
937	6152	1362	1363	16	0	0
938	6154	1364	1365	61	2040	2
939	6155	1366	1162	70	6222	9
940	6156	1367	1368	42	1020	1
941	6157	1368	1369	153	281	3
942	6158	1356	1370	50	0	0
943	6159	1370	1036	24	1207	3
944	6160	1371	1372	33	0	0
945	6161	1365	1349	46	0	0
946	6163	1373	1318	30	0	0
947	6166	1310	74	37	0	0
948	6168	1290	1252	428	0	0
949	6186	1374	1375	53	0	0
950	6187	1375	1376	37	2550	5
951	6194	1377	1378	57	4080	4
952	6196	1379	1380	43	94	1
953	6211	1209	1382	947	0	0
954	6212	648	660	124	0	0
955	6213	648	998	57	0	0
956	6217	1290	303	2706	0	0
957	6230	1387	1388	124	8186	9
958	6237	1385	1390	416	0	0
959	6239	1386	1391	462	0	0
960	6249	1264	647	1324	0	0
961	6254	84	1392	879	0	0
962	6262	457	454	38	0	0
963	6265	1395	454	77	0	0
964	6266	1396	1397	111	0	0
965	6267	1397	1398	43	0	0
966	6274	1399	1377	27	0	0
967	6280	1403	1404	122	1496	3
968	6281	1396	1405	48	0	0
969	6307	1406	1320	82	0	0
970	6310	1407	509	173	0	0
971	6311	1327	1408	1477	0	0
972	6318	1409	649	639	0	0
973	6326	1410	177	830	0	0
974	6327	1410	1202	979	0	0
975	6328	1410	1411	192	0	0
976	6329	1411	1412	118	0	0
977	6330	1412	1085	288	0	0
978	6332	1322	1413	53	408	1
979	6334	1049	1414	47	2040	2
980	6352	1371	1346	78	816	2
981	6353	1346	1368	57	936	5
982	6356	1340	1332	73	680	1
983	6358	1415	1364	67	0	0
984	6359	1071	1040	44	0	0
985	6361	1416	1070	16	0	0
986	6362	1043	1173	64	0	0
987	6363	1417	1338	15	0	0
988	6364	1342	1418	69	0	0
989	6365	1342	1330	49	680	1
990	6366	1330	1358	19	0	0
991	6367	1418	1350	74	0	0
992	6368	1419	1416	48	2040	2
993	6369	1420	1421	77	4284	6
994	6370	1422	1423	16	2720	3
995	6371	1423	1361	84	3060	3
996	6372	1421	1422	48	374	2
997	6373	293	1362	33	0	0
998	6375	1051	1424	20	0	0
999	6376	1424	1425	77	16604	11
1000	6380	514	1427	63	0	0
1001	6381	1056	1353	9	0	0
1002	6385	1428	676	18	0	0
1003	6386	658	1429	19	0	0
1004	6387	1429	1430	134	1598	4
1005	6388	1430	1431	34	0	0
1006	6389	1432	1430	39	408	1
1007	6393	1433	654	84	0	0
1008	6396	1028	1435	51	510	1
1009	6410	669	1436	200	0	0
1010	6411	1437	666	119	0	0
1011	6413	659	1438	50	748	4
1012	6416	672	1431	20	0	0
1013	6419	1439	1440	147	408	1
1014	6429	1431	1441	110	1208	2
1015	6430	1441	662	30	0	0
1016	6491	339	1305	872	0	0
1017	6562	713	311	262	0	0
1018	6563	709	710	37	0	0
1019	6564	750	449	193	816	2
1020	6567	229	364	110	0	0
1021	6612	746	1442	61	0	0
1022	6613	1443	111	67	2040	2
1023	6638	738	471	495	0	0
1024	6640	688	737	1121	0	0
1025	6645	1181	844	23	0	0
1026	6647	1181	843	25	0	0
1027	6648	726	33	18	0	0
1028	6650	397	878	757	0	0
1029	6653	775	417	899	0	0
1030	6659	1444	1445	33	3060	3
1031	6671	1448	1449	30	0	0
1032	6672	1450	1451	20	0	0
1033	6679	1448	1452	48	3570	4
1034	6680	1453	1454	138	0	0
1035	6681	1454	1455	196	1156	3
1036	6685	1456	1457	137	510	1
1037	6687	1100	1458	159	0	0
1038	6691	1459	1460	184	0	0
1039	6692	1460	1461	265	0	0
1040	6694	1460	1462	94	2040	2
1041	6776	418	804	187	0	0
1042	6780	749	1466	89	408	2
1043	6796	123	701	73	0	0
1044	6803	1442	1467	61	510	1
1045	6817	1442	757	51	0	0
1046	6824	707	1468	36	0	0
1047	6825	777	796	84	188	1
1048	6862	848	847	68	1020	2
1049	6864	839	1469	54	1020	2
1050	6866	115	1470	31	188	1
1051	6867	851	981	87	188	1
1052	6869	744	1471	102	1020	1
1053	6870	744	745	173	0	0
1054	6872	739	1472	7	0	0
1055	6873	1472	756	209	1428	2
1056	6883	1146	1083	46	408	1
1057	6886	1474	431	106	0	0
1058	6887	431	1475	164	0	0
1059	6890	456	1397	199	0	0
1060	6896	456	1458	35	0	0
1061	6897	1476	1477	480	0	0
1062	6898	1477	1478	350	0	0
1063	6899	1478	1479	196	0	0
1064	6902	1479	1481	268	0	0
1065	6904	1479	195	570	0	0
1066	6905	3	1482	543	0	0
1067	6916	1455	1459	89	0	0
1068	6933	1484	1485	1005	0	0
1069	6939	1486	187	97	0	0
1070	6940	1486	1481	115	0	0
1071	6941	1487	1488	147	0	0
1072	6942	1489	1488	344	0	0
1073	6943	1490	1488	1455	1020	1
1074	6944	1489	1491	891	0	0
1075	6950	1491	1177	610	0	0
1076	6987	766	815	305	0	0
1077	7011	826	1492	74	510	1
1078	7022	534	536	504	204	1
1079	7039	771	773	882	510	1
1080	7073	723	716	141	0	0
1081	7075	727	147	207	0	0
1082	7077	148	726	29	408	1
1083	7084	1464	1493	17	94	1
1084	7110	758	690	217	0	0
1085	7123	918	1498	86	0	0
1086	7127	949	950	42	0	0
1087	7129	682	1500	88	94	1
1088	7169	1064	1502	529	0	0
1089	7170	1065	201	132	0	0
1090	7176	470	1504	38	0	0
1091	7181	529	993	329	0	0
1092	7186	1505	1506	1143	1088	3
1093	7193	1178	1507	210	629	2
1094	7199	1178	476	318	0	0
1095	7205	1508	1509	1354	0	0
1096	7206	1067	1510	1178	0	0
1097	7209	1066	1511	102	0	0
1098	7210	1512	1511	146	0	0
1099	7211	1511	1508	188	0	0
1100	7213	1502	432	951	0	0
1101	7219	1514	1515	226	0	0
1102	7220	1516	1517	40	0	0
1103	7221	1517	1518	31	1530	2
1104	7224	1519	1520	51	1156	6
1105	7225	1519	1521	60	1054	3
1106	7226	1521	1361	45	0	0
1107	7229	973	1415	140	0	0
1108	7231	1522	1523	39	0	0
1109	7232	1524	1525	64	6120	6
1110	7233	1522	1524	78	0	0
1111	7248	369	982	107	8076	10
1112	7269	55	327	47	0	0
1113	7277	1527	425	62	0	0
1114	7278	1469	840	33	0	0
1115	7285	1528	290	356	0	0
1116	7286	943	877	98	0	0
1117	7292	1529	945	129	94	1
1118	7297	1531	923	553	0	0
1119	7298	1531	935	150	0	0
1120	7320	220	902	18	0	0
1121	7322	918	1532	35	0	0
1122	7323	1498	486	156	0	0
1123	7324	921	1499	157	0	0
1124	7325	1499	224	113	0	0
1125	7326	43	1533	27	0	0
1126	7328	916	942	15	0	0
1127	7329	942	288	61	0	0
1128	7333	1534	1535	34	680	1
1129	7334	938	1536	104	0	0
1130	7335	901	1532	57	0	0
1131	7341	1496	1537	665	510	1
1132	7348	1496	914	1166	0	0
1133	7358	976	238	78	0	0
1134	7387	447	867	29	1020	1
1135	7418	94	877	108	1190	3
1136	7443	1354	1417	33	562	3
1137	7445	970	1538	43	1114	4
1138	7448	1539	1540	13	0	0
1139	7452	1059	1541	33	0	0
1140	7453	1541	1371	114	748	3
1141	7454	1541	1542	18	510	1
1142	7455	1369	1061	58	0	0
1143	7457	1036	1059	112	2907	5
1144	7458	1516	1543	66	672	4
1145	7460	1544	1545	33	7668	23
1146	7463	1546	1547	14	0	0
1147	7465	1548	1549	94	0	0
1148	7466	1549	1550	31	0	0
1149	7467	1547	1548	97	0	0
1150	7475	1553	1554	96	0	0
1151	7480	1555	1556	84	8160	8
1152	7483	1557	1558	64	1020	1
1153	7484	1559	1560	177	1020	1
1154	7490	310	705	841	0	0
1155	7499	792	1527	83	2856	8
1156	7521	1528	945	84	0	0
1157	7524	924	1530	103	0	0
1158	7527	947	380	291	0	0
1159	7536	1561	1562	99	94	1
1160	7539	936	1563	149	1020	1
1161	7548	938	1564	150	0	0
1162	7549	1564	1495	176	0	0
1163	7550	1495	1530	77	0	0
1164	7555	1564	937	128	0	0
1165	7560	1564	1497	160	0	0
1166	7571	489	1565	72	0	0
1167	7572	1565	1561	45	94	1
1168	7580	92	1566	36	2227	6
1169	7587	1565	40	101	0	0
1170	7588	870	916	87	0	0
1171	7590	915	49	215	0	0
1172	7606	1567	1568	69	188	1
1173	7607	1071	1569	23	0	0
1174	7608	1569	1041	88	0	0
1175	7611	1570	450	105	4080	4
1176	7623	897	898	67	0	0
1177	7627	1533	52	48	0	0
1178	7628	1533	49	74	408	2
1179	7635	1572	1483	179	0	0
1180	7640	1573	923	460	204	1
1181	7648	922	1573	245	0	0
1182	7651	1536	1574	37	2040	2
1183	7694	91	933	77	0	0
1184	7702	1538	1569	16	0	0
1185	7704	1577	1578	44	0	0
1186	7707	1579	1578	843	0	0
1187	7714	972	1580	50	2040	2
1188	7719	1581	1582	53	1020	1
1189	7727	220	489	185	0	0
1190	7744	1369	1543	49	1020	1
1191	7748	1578	1586	899	0	0
1192	7750	1579	1586	77	510	1
1193	7759	1584	1587	53	604	2
1194	7761	1588	1589	35	2040	2
1195	7762	207	1590	41	0	0
1196	7768	1082	1080	91	0	0
1197	7776	1591	1592	110	188	1
1198	7777	1535	486	63	868	2
1199	7782	921	1536	58	204	1
1200	7784	1498	1591	11	0	0
1201	7813	1593	1594	41	94	1
1202	7815	1595	1596	25	188	1
1203	7817	1597	1326	61	0	0
1204	7818	1597	1598	1125	0	0
1205	7819	1325	1597	155	0	0
1206	7820	1204	649	631	0	0
1207	7821	1423	1366	21	408	1
1208	7822	1599	1038	35	0	0
1209	7823	1329	1599	179	8110	20
1210	7825	1041	1057	48	0	0
1211	7846	1581	1600	46	0	0
1212	7853	1601	1600	61	0	0
1213	7867	1602	1603	73	936	5
1214	7893	494	1606	166	0	0
1215	7896	466	467	1023	0	0
1216	7899	846	887	755	0	0
1217	7901	849	481	99	0	0
1218	7902	849	847	50	0	0
1219	7907	833	880	1231	0	0
1220	7939	1058	1609	6	0	0
1221	7941	1060	514	93	2040	2
1222	7973	1615	1616	28	408	1
1223	7984	1617	1360	78	0	0
1224	7987	1618	1092	54	188	1
1225	7988	1161	1619	155	0	0
1226	7991	1620	1621	52	188	1
1227	8041	353	1624	20	0	0
1228	8042	1624	882	93	510	1
1229	8044	340	1625	268	510	1
1230	8045	1625	1626	204	0	0
1231	8055	1628	1292	273	204	1
1232	8077	401	402	21	0	0
1233	8100	402	37	52	0	0
1234	8102	1630	1631	219	2040	2
1235	8106	1344	293	72	0	0
1236	8107	376	371	10	0	0
1237	8108	376	1632	139	502	3
1238	8109	1633	371	140	0	0
1239	8122	1635	516	49	0	0
1240	8123	516	1636	13	0	0
1241	8126	1639	1640	4	0	0
1242	8127	1640	1641	57	1020	1
1243	8175	772	240	272	510	1
1244	8202	747	692	340	0	0
1245	8213	1643	1644	54	0	0
1246	8214	1644	1645	62	1360	2
1247	8219	1175	1367	52	0	0
1248	8223	1386	1387	80	0	0
1249	8232	1647	1648	5	1020	1
1250	8251	227	1108	418	510	1
1251	8269	1651	1652	636	0	0
1252	8279	1654	1655	152	0	0
1253	8296	1576	1656	98	0	0
1254	8305	1658	1659	24	4080	4
1255	8310	1034	1660	72	0	0
1256	8330	1513	1662	1161	510	1
1257	8331	1662	204	1742	0	0
1258	8333	1663	250	148	0	0
1259	8337	1664	1623	1574	0	0
1260	8343	1651	36	1793	0	0
1261	8344	1087	1666	131	0	0
1262	8345	1666	1667	17	6120	6
1263	8347	1668	1669	294	0	0
1264	8355	650	1409	591	0	0
1265	8356	1421	1599	9	0	0
1266	8365	1670	1671	94	0	0
1267	8366	1672	1105	20	816	2
1268	8367	1673	1672	50	0	0
1269	8375	1675	1676	259	0	0
1270	8408	1067	465	243	0	0
1271	8411	1011	1512	3159	0	0
1272	8417	1125	1680	1581	0	0
1273	8422	1272	1681	169	0	0
1274	8433	1650	1627	119	0	0
1275	8436	1683	1684	125	0	0
1276	8437	1684	1682	15	0	0
1277	8440	1685	1683	85	1020	1
1278	8441	1684	1686	217	0	0
1279	8448	1688	1062	1023	0	0
1280	8449	1688	1689	382	0	0
1281	8458	1598	1134	345	5100	5
1282	8481	1690	81	474	0	0
1283	8484	1030	1371	79	3656	5
1284	8485	1427	1030	17	0	0
1285	8486	1691	1692	83	0	0
1286	8487	1692	1139	818	816	2
1287	8494	1270	158	896	0	0
1288	8497	1693	1694	109	1020	1
1289	8498	1119	1695	57	1428	2
1290	8500	1696	1697	27	2414	6
1291	8508	1698	1525	79	0	0
1292	8512	173	1699	259	2040	2
1293	8513	1700	462	1646	0	0
1294	8516	1701	199	410	816	2
1295	8517	1114	1115	190	0	0
1296	8536	412	1702	233	0	0
1297	8540	1509	1703	1200	0	0
1298	8576	1704	468	176	0	0
1299	8585	1705	1706	347	0	0
1300	8600	1629	1708	39	0	0
1301	8602	1189	1708	810	0	0
1302	8605	1328	1612	26	0	0
1303	8606	1709	1328	30	0	0
1304	8607	1707	1710	1183	0	0
1305	8608	1709	1612	27	0	0
1306	8609	295	1711	70	0	0
1307	8610	1711	1712	123	0	0
1308	8612	1712	1713	76	0	0
1309	8613	1713	1714	798	0	0
1310	8614	1714	74	39	0	0
1311	8621	129	131	78	0	0
1312	8622	1279	635	364	0	0
1313	8627	637	1716	16	0	0
1314	8635	1717	1718	134	0	0
1315	8638	1686	1685	66	0	0
1316	8640	1692	1717	66	0	0
1317	8643	1719	1718	84	1020	1
1318	8648	1382	1715	962	0	0
1319	8649	1382	497	251	0	0
1320	8657	1251	1314	158	0	0
1321	8666	1720	1721	76	408	2
1322	8668	1722	1697	8	94	1
1323	8670	1723	1724	69	408	2
1324	8672	623	1725	113	0	0
1325	8675	1117	1118	39	94	1
1326	8686	1694	620	34	0	0
1327	8687	340	1726	585	0	0
1328	8688	1726	1116	64	0	0
1329	8713	1702	1727	1085	0	0
1330	8716	1727	472	270	0	0
1331	8718	53	715	582	0	0
1332	8720	1727	715	711	0	0
1333	8723	482	1728	763	816	2
1334	8738	1283	1729	322	0	0
1335	8744	1282	280	19	0	0
1336	8749	280	1729	23	0	0
1337	8755	639	284	50	0	0
1338	8761	284	640	113	0	0
1339	8762	640	1730	44	0	0
1340	8772	1734	77	28	0	0
1341	8776	624	1735	154	0	0
1342	8777	1735	1733	24	0	0
1343	8780	1737	1734	312	0	0
1344	8781	1734	1738	32	0	0
1345	8783	1738	77	25	0	0
1346	8787	1739	1736	185	0	0
1347	8788	1739	624	371	0	0
1348	8805	1681	1740	125	0	0
1349	8806	1740	1272	104	0	0
1350	8808	1271	178	129	0	0
1351	8811	338	1304	574	1020	1
1352	8823	1293	1307	101	0	0
1353	8825	1306	1741	547	0	0
1354	8833	1716	1742	75	0	0
1355	8834	1742	635	75	2040	2
1356	8837	1743	1744	57	0	0
1357	8843	1715	1279	215	0	0
1358	8854	155	1120	8	0	0
1359	8855	142	1261	100	188	1
1360	8863	1233	1232	48	0	0
1361	8866	25	22	27	0	0
1362	8870	26	1745	40	0	0
1363	8899	607	1201	446	0	0
1364	8916	1201	994	251	0	0
1365	8944	1282	1729	25	0	0
1366	8950	1736	1746	615	0	0
1367	8951	1746	1392	32	0	0
1368	8952	1392	1747	206	510	1
1369	8953	1747	1741	708	0	0
1370	8957	1747	661	19	0	0
1371	8961	626	1741	391	0	0
1372	8967	617	618	120	1020	1
1373	8969	1748	619	450	0	0
1374	8974	1731	1748	1509	0	0
1375	8977	1120	1726	78	0	0
1376	8979	580	1266	79	510	1
1377	8983	1749	1750	95	510	1
1378	8989	1302	48	138	0	0
1379	9014	1751	1198	201	0	0
1380	9028	1752	1753	90	0	0
1381	9032	641	47	14	0	0
1382	9034	1753	47	21	0	0
1383	9036	1753	641	23	0	0
1384	9037	1714	1310	33	0	0
1385	9040	1711	1713	89	0	0
1386	9042	1709	1710	496	0	0
1387	9044	660	1004	58	0	0
1388	9053	1724	1725	71	0	0
1389	9055	247	498	699	0	0
1390	9056	589	586	36	510	1
1391	9057	483	1280	161	0	0
1392	9066	1754	566	105	0	0
1393	9067	571	1754	32	0	0
1394	9068	161	571	22	0	0
1395	9072	1642	1756	109	0	0
1396	9091	1218	1757	82	1020	1
1397	9094	1755	1758	48	1020	1
1398	9095	1312	652	141	0	0
1399	9130	651	1312	141	0	0
1400	9138	1759	1745	25	0	0
1401	9139	1745	57	23	0	0
1402	9140	1759	57	21	0	0
1403	9141	560	563	135	0	0
1404	9142	1744	1760	40	3060	3
1405	9167	961	267	38	0	0
1406	9178	1192	1708	1250	0	0
1407	9183	1756	1691	86	0	0
1408	9190	1301	1296	645	0	0
1409	9192	1006	538	785	0	0
1410	9193	1006	495	1937	0	0
1411	9208	1761	1749	37	1020	1
1412	9212	126	1762	129	6120	6
1413	9214	1763	636	47	510	1
1414	9215	1763	1764	55	94	1
1415	9230	627	563	120	0	0
1416	9237	1720	1765	74	408	1
1417	9239	581	600	76	0	0
1418	9242	613	599	86	0	0
1419	9245	1260	1766	58	188	1
1420	9246	1260	1763	115	0	0
1421	9262	628	1266	464	2040	2
1422	9263	276	1016	34	0	0
1423	9264	573	1767	95	0	0
1424	9265	1767	274	55	0	0
1425	9266	1767	1768	44	0	0
1426	9269	578	1769	45	510	1
1427	9271	1754	1286	25	0	0
1428	9272	1286	161	28	0	0
1429	9273	1757	1019	145	0	0
1430	9275	130	994	287	0	0
1431	9286	66	29	641	0	0
1432	9330	1626	1770	212	510	1
1433	9363	1156	398	133	0	0
1434	9385	68	1288	95	0	0
1435	9386	1276	158	174	1020	1
1436	9416	632	633	37	0	0
1437	9463	1756	1771	85	0	0
1438	9464	1771	1772	55	1564	7
1439	9465	163	1773	10	0	0
1440	9467	1773	1774	124	1530	3
1441	9472	1775	1776	665	0	0
1442	9475	1680	1775	928	0	0
1443	9481	1776	1777	251	0	0
1444	9484	1778	1779	302	510	1
1445	9487	1185	263	502	0	0
1446	9490	539	540	130	0	0
1447	9491	544	543	310	0	0
1448	9495	1283	1250	454	0	0
1449	9499	1780	1781	376	0	0
1450	9501	1782	1783	50	0	0
1451	9502	1783	1780	465	0	0
1452	9503	986	1784	50	0	0
1453	9504	1126	1149	1156	0	0
1454	9506	1785	1732	731	0	0
1455	9508	1690	1324	1096	0	0
1456	9510	81	1611	287	0	0
1457	9512	1611	1785	51	0	0
1458	9513	1785	1777	870	0	0
1459	9522	621	1786	87	0	0
1460	9523	1786	1117	35	510	1
1461	9524	622	1787	59	1530	2
1462	9525	1787	1761	19	0	0
1463	9548	952	579	68	0	0
1464	9553	1740	1788	181	680	1
1465	9556	568	1789	24	1870	10
1466	9575	961	266	17	0	0
1467	9577	577	910	120	0	0
1468	9595	133	1751	69	1020	1
1469	9600	1148	1579	396	0	0
1470	9601	1102	1790	24	0	0
1471	9602	1610	1407	1686	0	0
1472	9606	1408	1779	21	0	0
1473	9607	1610	1149	435	0	0
1474	9610	1577	1791	280	0	0
1475	9612	1791	1782	189	1020	1
1476	9615	1321	1318	55	0	0
1477	9623	11	1409	849	0	0
1478	9624	11	505	116	0	0
1479	9645	1294	1301	764	0	0
1480	9656	1446	1792	44	1224	3
1481	9663	1793	1794	65	1020	2
1482	9665	1426	1348	128	0	0
1483	9666	1426	1447	63	0	0
1484	9669	1795	1024	44	1020	1
1485	9674	1185	1352	609	816	2
1486	9677	58	73	294	0	0
1487	9681	246	1768	103	0	0
1488	9703	119	1797	73	3876	5
1489	9720	1638	1798	101	0	0
1490	9721	1798	1086	337	1020	1
1491	9727	1637	1798	104	510	1
1492	9728	1799	1393	167	0	0
1493	9729	1800	1801	72	6120	6
1494	9754	1802	1803	86	0	0
1495	9758	1799	1637	72	0	0
1496	9760	1381	988	10	0	0
1497	9761	119	1020	20	0	0
1498	9762	1021	1804	121	204	1
1499	9765	1802	1393	27	0	0
1500	9767	1374	1805	9	0	0
1501	9769	1806	1604	90	1208	2
1502	9770	1605	1639	51	2346	4
1503	9773	1807	1808	142	0	0
1504	9776	1800	1088	70	510	1
1505	9780	1435	1809	72	94	1
1506	9785	662	1429	51	596	2
1507	9787	653	1399	362	0	0
1508	9813	1551	1810	63	0	0
1509	9814	1810	1811	105	1020	1
1510	9824	1633	1523	192	94	1
1511	9826	1526	1144	33	0	0
1512	9838	1636	1803	92	8976	24
1513	9842	1803	1813	17	7480	40
1514	9843	1813	1651	117	0	0
1515	9844	1814	1571	90	4080	4
1516	9845	1651	1571	129	680	1
1517	9854	1816	1817	19	0	0
1518	9855	1433	1816	46	1020	1
1519	9856	1434	1818	47	1020	1
1520	9861	1819	1820	68	0	0
1521	9862	1820	1821	66	0	0
1522	9863	1822	1823	93	0	0
1523	9864	1823	1824	3	0	0
1524	9865	1654	1825	52	2040	2
1525	9891	1700	1606	852	0	0
1526	9898	1830	1831	145	0	0
1527	9899	1831	1832	35	0	0
1528	9906	1833	1834	529	0	0
1529	9924	1835	1836	935	0	0
1530	9929	1688	1833	1245	0	0
1531	9930	1836	1062	469	0	0
1532	9933	1836	1830	1266	0	0
1533	9936	1678	1837	184	0	0
1534	9969	1838	1115	147	0	0
1535	9972	1839	1840	36	816	2
1536	9976	197	211	67	0	0
1537	9977	210	1841	12	0	0
1538	9978	85	1842	82	204	1
1539	9979	1842	214	21	340	1
1540	9982	1589	1843	177	1020	1
1541	9983	213	1844	75	0	0
1542	9984	1844	1835	156	0	0
1543	9994	1317	1793	51	0	0
1544	9995	1793	1845	108	0	0
1545	9996	1845	1846	35	1020	1
1546	9999	1146	1847	91	0	0
1547	10000	1847	1450	185	0	0
1548	10003	1317	1848	65	1020	1
1549	10022	1849	4	1433	0	0
1550	10023	1849	1143	220	0	0
1551	10035	1652	373	21	0	0
1552	10036	973	1698	57	0	0
1553	10037	1850	1522	62	0	0
1554	10041	1335	973	80	0	0
1555	10042	1335	1546	31	0	0
1556	10055	1815	1852	73	510	1
1557	10059	1177	1674	342	0	0
1558	10063	1619	1315	46	0	0
1559	10070	1433	1434	102	0	0
1560	10076	1655	1818	91	0	0
1561	10077	1816	1854	37	0	0
1562	10078	1820	679	152	1582	4
1563	10083	36	1819	95	0	0
1564	10085	1438	1634	94	0	0
1565	10086	1634	1432	33	0	0
1566	10087	1819	1855	174	0	0
1567	10091	1826	1649	97	0	0
1568	10096	1401	1856	33	4080	4
1569	10097	1857	1549	83	748	4
1570	10098	1547	1857	105	6120	6
1571	10099	1560	1858	73	0	0
1572	10100	1858	1859	73	0	0
1573	10102	1857	1144	32	0	0
1574	10105	1504	1860	123	2040	2
1575	10118	1436	674	107	0	0
1576	10119	1861	1431	63	0	0
1577	10123	1862	1863	43	3060	3
1578	10138	1865	1830	100	0	0
1579	10139	1831	1866	20	0	0
1580	10141	1865	1866	67	0	0
1581	10142	1866	1832	25	0	0
1582	10146	1451	1867	47	0	0
1583	10149	1363	1521	191	0	0
1584	10150	1868	1869	65	8064	36
1585	10151	1870	1868	16	0	0
1586	10152	1871	1872	85	2856	10
1587	10153	1095	1072	38	1020	1
1588	10154	1425	1095	46	0	0
1589	10157	1333	1873	30	714	2
1590	10159	1020	1874	91	1020	1
1591	10160	1162	1875	133	5526	7
1592	10161	1165	1876	130	4080	4
1593	10202	1877	1842	107	0	0
1594	10210	120	201	82	0	0
1595	10214	1878	1879	58	0	0
1596	10222	987	1880	305	0	0
1597	10223	1880	1881	66	0	0
1598	10224	1881	1882	65	918	2
1599	10225	87	1882	57	0	0
1600	10226	1882	1883	46	1020	1
1601	10227	1883	1880	65	510	1
1602	10228	87	1877	96	0	0
1603	10229	1877	469	58	0	0
1604	10231	1883	1840	178	0	0
1605	10232	1840	469	71	0	0
1606	10236	1884	196	184	0	0
1607	10238	189	1478	233	0	0
1608	10247	1885	1886	79	1020	1
1609	10254	1879	1887	49	680	1
1610	10255	1887	1838	16	0	0
1611	10258	1703	1679	84	1020	1
1612	10274	1614	1615	53	0	0
1613	10275	1063	974	394	0	0
1614	10276	1614	1063	299	0	0
1615	10278	1889	1678	451	0	0
1616	10280	1889	1142	899	0	0
1617	10284	665	676	97	0	0
1618	10285	1390	1453	86	0	0
1619	10298	479	1890	179	408	1
1620	10302	1854	1821	163	0	0
1621	10311	1674	1891	40	0	0
1622	10312	1891	195	6	0	0
1623	10313	1891	1892	245	714	2
1624	10327	1886	1607	53	0	0
1625	10328	1622	1884	59	0	0
1626	10329	189	187	137	0	0
1627	10334	1824	1893	47	4080	4
1628	10336	1010	1894	380	510	1
1629	10354	1895	1867	73	0	0
1630	10357	1896	1897	66	1020	1
1631	10360	1805	1898	114	1020	2
1632	10363	1673	1899	31	1020	1
1633	10365	970	1057	80	0	0
1634	10366	1174	1355	120	0	0
1635	10367	1900	1901	21	2040	2
1636	10368	1585	1902	45	2040	2
1637	10371	1903	1904	29	2040	2
1638	10373	1905	1394	124	1530	2
1639	10385	1572	1906	231	510	1
1640	10392	1907	1518	15	0	0
1641	10396	1619	1908	36	0	0
1642	10397	1908	1909	53	2040	2
1643	10422	203	1065	164	0	0
1644	10430	1888	1910	215	5474	7
1645	10435	1911	467	719	510	1
1646	10437	1487	1622	134	0	0
1647	10438	1481	1884	24	0	0
1648	10452	197	1878	65	408	2
1649	10453	1881	1841	167	0	0
1650	10455	214	459	99	0	0
1651	10458	1913	1914	50	562	3
1652	10460	1689	1476	572	510	1
1653	10463	1915	174	358	0	0
1654	10467	1916	172	451	0	0
1655	10495	1911	432	68	0	0
1656	10498	1502	1917	1243	0	0
1657	10517	524	1918	379	434	2
1658	10532	1834	462	230	0	0
1659	10533	1919	1834	435	816	2
1660	10550	1671	1920	52	3672	9
1661	10556	1921	1897	38	0	0
1662	10557	1026	1921	28	8094	11
1663	10567	1372	1403	30	2244	5
1664	10569	1404	1396	144	0	0
1665	10571	1520	1922	32	936	5
1666	10596	1338	969	44	0	0
1667	10604	1069	1924	24	1530	2
1668	10605	1924	1073	40	1020	2
1669	10606	1084	1593	67	0	0
1670	10613	1445	1473	16	0	0
1671	10627	520	1925	71	4080	4
1672	10630	1868	1926	27	0	0
1673	10635	674	1437	81	0	0
1674	10636	1097	1420	52	3910	12
1675	10637	1870	1425	129	0	0
1676	10640	1927	1462	368	510	1
1677	10663	1331	1928	56	0	0
1678	10665	1163	1928	63	0	0
1679	10668	1084	1321	259	0	0
1680	10674	1214	1929	67	0	0
1681	10675	1929	1930	33	510	1
1682	10694	991	1931	184	1530	2
1683	10695	1932	1933	70	1428	2
1684	10696	1347	1540	125	0	0
1685	10697	1068	1076	115	1530	3
1686	10702	1851	1934	48	4080	4
1687	10703	1935	1936	93	0	0
1688	10712	1937	967	80	1530	3
1689	10715	1048	1938	40	1020	1
1690	10716	1939	1940	40	1020	1
1691	10717	1037	1941	61	4080	4
1692	10719	1942	1468	131	2040	4
1693	10720	1943	1944	64	918	2
1694	10750	1945	1946	146	2040	2
1695	10754	678	1439	155	0	0
1696	10760	1936	1818	46	0	0
1697	10761	1936	1947	85	7480	40
1698	10762	1817	1935	27	4488	24
1699	10763	1935	1948	85	7724	10
1700	10767	1047	1949	23	0	0
1701	10768	1949	1950	25	510	1
1702	10769	1174	1939	33	1020	1
1703	10770	1939	1907	53	0	0
1704	10772	1940	1516	102	0	0
1705	10777	518	1932	165	0	0
1706	10791	856	1943	39	0	0
1707	10792	1943	685	83	816	2
1708	10793	855	1944	9	0	0
1709	10794	1944	856	20	0	0
1710	10796	1951	292	44	1208	3
1711	10804	885	382	1029	0	0
1712	10805	382	397	448	0	0
1713	10821	396	381	417	0	0
1714	10826	1930	271	29	0	0
1715	10831	962	400	113	0	0
1716	10864	1952	1035	322	0	0
1717	10884	1003	1553	41	0	0
1718	10898	1827	1953	64	0	0
1719	10951	9	1483	480	0	0
1720	10956	1583	1582	31	0	0
1721	10964	1954	1601	809	1020	1
1722	10965	1955	1956	321	510	1
1723	10967	1956	1954	256	0	0
1724	10983	974	1957	731	408	2
1725	10985	1957	1677	870	0	0
1726	10995	1001	1575	155	0	0
1727	10997	999	1958	61	0	0
1728	11000	1033	1959	58	0	0
1729	11003	1960	1961	46	1530	2
1730	11004	1575	1960	39	0	0
1731	11005	1960	1558	134	0	0
1732	11017	1643	1963	26	0	0
1733	11018	1963	1964	79	0	0
1734	11019	1964	1554	90	0	0
1735	11023	1965	1952	135	0	0
1736	11026	1554	1001	623	0	0
1737	11053	186	1966	378	0	0
1738	11058	1967	1915	32	0	0
1739	11062	1775	1732	569	0	0
1740	11067	1577	1126	144	0	0
1741	11069	1058	1540	39	0	0
1742	11080	1526	1524	48	0	0
1743	11081	1525	1335	45	0	0
1744	11082	1145	1544	17	0	0
1745	11083	1968	1969	89	2040	2
1746	11084	1812	1968	12	0	0
1747	11097	1487	1486	40	0	0
1748	11102	1915	1966	17	0	0
1749	11104	1928	1373	316	0	0
1750	11111	1850	1698	18	4080	4
1751	11112	1360	1418	70	0	0
1752	11141	1515	205	1658	0	0
1753	11142	1515	1490	316	0	0
1754	11147	477	1970	136	0	0
1755	11153	1676	1664	198	0	0
1756	11170	1958	1972	28	0	0
1757	11174	1973	1974	23	0	0
1758	11180	1973	1613	1496	0	0
1759	11183	1123	204	137	0	0
1760	11196	1656	1952	133	0	0
1761	11225	1687	1623	283	0	0
1762	11233	1790	1505	364	0	0
1763	11234	1124	1912	609	0	0
1764	11246	1967	494	498	0	0
1765	11247	1966	1916	19	0	0
1766	11255	1975	1861	68	1190	2
1767	11256	1861	677	19	0	0
1768	11260	680	451	58	0	0
1769	11261	451	670	128	0	0
1770	11280	1023	1864	363	0	0
1771	11282	430	1089	50	0	0
1772	11284	1398	1100	124	282	2
1773	11293	1855	679	112	562	3
1774	11296	1841	85	65	0	0
1775	11332	1510	522	40	408	2
1776	11334	1976	598	708	0	0
1777	11335	1976	467	158	0	0
1778	11338	1977	1978	96	0	0
1779	11340	1979	1704	100	0	0
1780	11342	1917	1978	485	204	1
1781	11343	1978	1980	46	0	0
1782	11344	1980	1979	10	0	0
1783	11348	1974	1981	22	0	0
1784	11350	1973	1981	23	0	0
1785	11351	1981	1662	154	0	0
1786	11354	1858	1982	57	0	0
1787	11355	1982	1859	33	0	0
1788	11358	1657	1965	58	1020	1
1789	11373	1665	1748	689	0	0
1790	11388	1635	1969	28	0	0
1791	11398	1401	1646	41	0	0
1792	11400	1654	1824	89	0	0
1793	11401	1947	1823	20	0	0
1794	11402	1948	1822	20	0	0
1795	11403	1821	1822	25	2040	2
1796	11404	1854	679	55	2040	2
1797	11405	1818	1816	94	0	0
1798	11411	1436	1437	31	0	0
1799	11413	1784	372	813	0	0
1800	11417	1977	1980	63	0	0
1801	11418	1617	1164	52	2040	6
1802	11419	1780	1506	264	0	0
1803	11425	1351	1341	43	2040	2
1804	11426	1045	1340	33	2040	2
1805	11427	1350	1983	69	1496	3
1806	11430	1419	1903	62	0	0
1807	11431	1903	1046	15	0	0
1808	11434	1339	1329	69	510	1
1809	11435	1055	1585	126	2040	2
1810	11437	1862	1984	13	0	0
1811	11443	1985	1395	33	408	2
1812	11455	1148	1101	72	0	0
1813	11456	1790	1101	22	0	0
1814	11458	1586	1505	29	0	0
1815	11460	986	404	275	0	0
1816	11461	404	1506	18	0	0
1817	11466	403	1796	169	0	0
1818	11473	1103	1781	387	0	0
1819	11474	1373	1103	26	0	0
1820	11475	1783	1104	306	0	0
1821	11494	1653	1364	59	510	1
1822	11495	1415	1986	57	0	0
1823	11496	1986	1334	92	1020	1
1824	11500	1962	1557	130	0	0
1825	11501	1962	1555	30	0	0
1826	11505	1964	1559	106	0	0
1827	11508	1987	1552	117	1020	1
1828	11510	1827	1554	496	0	0
1829	11536	1428	452	59	0	0
1830	11538	1975	1441	83	0	0
1831	11540	1451	954	7	0	0
1832	11541	1988	1989	52	2040	5
1833	11542	1867	1988	22	0	0
1834	11543	1449	1450	31	2244	12
1835	11545	1617	1895	63	0	0
1836	11546	1895	1988	50	1496	8
1837	11548	1163	1331	43	0	0
1838	11549	1054	1332	69	680	1
1839	11550	1333	1048	35	0	0
1840	11551	1414	1424	20	2040	2
1841	11553	1984	1871	79	680	1
1842	11554	1871	1870	9	0	0
1843	11555	1926	1990	110	4080	4
1844	11576	1673	1991	23	0	0
1845	11577	1991	1808	57	408	1
1846	11578	1670	1808	52	0	0
1847	11579	1807	1920	52	0	0
1848	11580	1900	1670	24	0	0
1849	11582	1992	1900	47	0	0
1850	11584	1920	1094	60	0	0
1851	11587	1641	1389	41	0	0
1852	11594	1897	1374	41	0	0
1853	11596	1993	1027	60	1020	1
1854	11607	1959	1994	94	408	1
1855	11613	1331	1050	140	0	0
1856	11629	509	1782	568	0	0
1857	11641	1995	460	66	2040	2
1858	11651	1996	967	27	0	0
1859	11652	1452	1997	22	1020	1
1860	11653	1997	1617	6	0	0
1861	11658	1923	1998	34	1020	1
1862	11679	1659	1972	69	0	0
1863	11681	1660	1999	23	4080	4
1864	11698	1609	2000	41	1020	1
1865	11711	2001	1996	32	2040	2
1866	11712	2000	1348	83	0	0
1867	11720	1992	2002	28	1360	2
1868	11724	1970	475	84	510	1
1869	11750	573	246	107	0	0
1870	11753	16	491	225	0	0
1871	11760	1402	1853	18	8148	31
1872	11765	1804	2003	122	204	1
1873	11775	1391	1459	142	0	0
1874	11777	1649	1647	20	0	0
1875	11792	427	497	632	0	0
1876	11808	228	879	107	0	0
1877	11815	879	386	193	0	0
1878	11816	1485	2004	117	188	1
1879	11848	2005	830	71	1020	1
1880	11853	1539	2006	360	1020	1
1881	11867	211	1878	114	357	3
1882	11871	120	2007	90	408	1
1883	11872	1503	2008	21	1020	1
1884	11889	2009	962	29	1530	2
1885	11932	160	569	110	0	0
1886	11938	31	65	273	0	0
1887	11987	1208	2010	85	1020	1
1888	11997	2011	1669	146	12240	6
1889	12000	1087	1668	76	0	0
1890	12007	383	887	741	0	0
1891	12008	383	878	800	0	0
1892	12086	891	2012	84	16636	20
1893	12087	493	2013	52	1020	1
1894	12098	2014	157	64	94	1
1895	12110	165	167	68	0	0
1896	12117	2015	901	64	1700	2
1897	-1	515	1427	1	0	0
1898	-2	820	835	1	0	0
1899	-4	1	2	184	0	0
1900	-5	5	1	911	0	0
1901	-8	6	26	47	0	0
1902	-16	10	9	1203	0	0
1903	-18	11	1327	790	0	0
1904	-20	1133	12	1123	0	0
1905	-23	14	1598	1348	0	0
1906	-31	31	1254	133	0	0
1907	-34	1	0	1830	0	0
1908	-39	52	940	181	0	0
1909	-42	329	714	2146	0	0
1910	-49	55	311	2130	0	0
1911	-50	56	24	239	0	0
1912	-51	57	58	898	0	0
1913	-53	59	586	1535	0	0
1914	-54	64	69	2758	0	0
1915	-58	28	959	243	0	0
1916	-59	67	1268	100	0	0
1917	-64	70	71	44	0	0
1918	-70	78	1314	1318	0	0
1919	-71	79	80	1508	0	0
1920	-73	80	591	196	0	0
1921	-77	82	568	75	0	0
1922	-79	512	83	1667	0	0
1923	-82	629	80	194	0	0
1924	-88	88	814	312	0	0
1925	-92	99	1117	195	0	0
1926	-93	1212	28	2912	0	0
1927	-101	120	1503	51	0	0
1928	-102	125	123	431	0	0
1929	-106	163	15	171	0	0
1930	-109	145	146	243	0	0
1931	-116	158	100	1101	0	0
1932	-117	159	262	210	0	0
1933	-120	162	268	93	0	0
1934	-122	139	140	78	0	0
1935	-124	164	1720	170	0	0
1936	-126	74	164	322	0	0
1937	-127	165	283	1464	0	0
1938	-130	168	167	250	0	0
1939	-134	173	174	137	0	0
1940	-139	181	168	248	0	0
1941	-142	485	484	110	0	0
1942	-143	183	13	727	0	0
1943	-144	184	183	88	0	0
1944	-145	186	174	305	0	0
1945	-146	190	469	82	0	0
1946	-148	197	987	285	0	0
1947	-149	200	339	728	0	0
1948	-151	221	918	148	0	0
1949	-153	271	378	130	0	0
1950	-154	229	351	160	0	0
1951	-164	231	365	308	0	0
1952	-165	229	354	121	0	0
1953	-167	236	237	34	0	0
1954	-168	868	153	2425	0	0
1955	-170	1537	238	1048	0	0
1956	-172	239	220	476	0	0
1957	-174	241	242	1539	0	0
1958	-179	53	472	711	0	0
1959	-180	243	83	1132	0	0
1960	-181	244	1238	1014	0	0
1961	-182	245	260	439	0	0
1962	-196	193	390	797	0	0
1963	-200	253	254	1058	0	0
1964	-214	411	839	1598	0	0
1965	-216	368	259	959	0	0
1966	-217	261	262	173	0	0
1967	-220	264	247	358	0	0
1968	-227	271	272	198	0	0
1969	-230	272	1157	252	0	0
1970	-231	273	1628	1002	0	0
1971	-232	274	557	270	0	0
1972	-235	280	495	1049	0	0
1973	-237	281	564	793	0	0
1974	-239	283	593	898	0	0
1975	-240	284	1710	1839	0	0
1976	-245	291	470	1290	0	0
1977	-247	298	299	1126	0	0
1978	-252	303	302	3453	0	0
1979	-255	321	314	1595	0	0
1980	-257	322	321	189	0	0
1981	-258	322	324	131	0	0
1982	-263	331	333	198	0	0
1983	-270	337	328	757	0	0
1984	-276	1220	260	911	0	0
1985	-278	1220	341	2250	0	0
1986	-285	350	406	99	0	0
1987	-286	350	351	81	0	0
1988	-288	829	354	1337	0	0
1989	-289	358	830	601	0	0
1990	-301	360	883	937	0	0
1991	-302	361	362	568	0	0
1992	-307	377	374	27	0	0
1993	-308	65	77	4055	0	0
1994	-309	96	107	1286	0	0
1995	-312	307	317	86	0	0
1996	-323	391	757	235	0	0
1997	-327	393	394	807	0	0
1998	-328	259	413	1371	0	0
1999	-331	302	634	1799	0	0
2000	-332	401	1634	103	0	0
2001	-333	402	678	68	0	0
2002	-334	406	349	1653	0	0
2003	-335	257	408	596	0	0
2004	-338	788	251	2058	0	0
2005	-339	410	413	382	0	0
2006	-340	412	388	1518	0	0
2007	-351	425	785	189	0	0
2008	-352	427	634	2240	0	0
2009	-354	432	466	1066	0	0
2010	-356	416	414	1012	0	0
2011	-360	392	357	2503	0	0
2012	-366	437	237	194	0	0
2013	-367	438	439	594	0	0
2014	-369	890	873	279	0	0
2015	-374	440	867	104	0	0
2016	-375	441	442	646	0	0
2017	-377	448	449	223	0	0
2018	-381	450	1571	53	0	0
2019	-382	451	292	398	0	0
2020	-383	89	967	122	0	0
2021	-386	1479	462	2861	0	0
2022	-387	465	466	1749	0	0
2023	-388	467	468	1305	0	0
2024	-389	469	212	102	0	0
2025	-397	461	429	83	0	0
2026	-400	476	477	115	0	0
2027	-401	478	1477	849	0	0
2028	-406	530	481	367	0	0
2029	-407	482	54	1244	0	0
2030	-411	592	121	366	0	0
2031	-414	79	485	203	0	0
2032	-415	489	903	84	0	0
2033	-416	493	870	102	0	0
2034	-417	494	1699	545	0	0
2035	-422	495	500	1468	0	0
2036	-430	1006	500	3172	0	0
2037	-435	79	581	309	0	0
2038	-436	346	529	44	0	0
2039	-439	532	531	1066	0	0
2040	-444	388	537	838	0	0
2041	-450	546	1157	1170	0	0
2042	-453	548	547	592	0	0
2043	-454	549	1009	900	0	0
2044	-455	1739	84	711	0	0
2045	-457	388	54	1422	0	0
2046	-459	554	833	1989	0	0
2047	-460	492	557	75	0	0
2048	-461	558	953	232	0	0
2049	-465	563	75	1236	0	0
2050	-467	587	627	1147	0	0
2051	-468	556	572	182	0	0
2052	-469	572	573	94	0	0
2053	-470	575	909	72	0	0
2054	-471	583	171	172	0	0
2055	-472	584	182	974	0	0
2056	-476	564	1187	191	0	0
2057	-477	281	588	186	0	0
2058	-483	483	592	818	0	0
2059	-484	590	1247	928	0	0
2060	-490	594	596	1577	0	0
2061	-493	522	597	1651	0	0
2062	-494	598	597	763	0	0
2063	-495	600	166	154	0	0
2064	-497	598	619	2017	0	0
2065	-498	614	615	212	0	0
2066	-500	106	623	65	0	0
2067	-501	628	75	811	0	0
2068	-503	1202	629	1741	0	0
2069	-504	605	1305	219	0	0
2070	-508	641	642	1612	0	0
2071	-510	642	61	1294	0	0
2072	-514	78	1746	784	0	0
2073	-516	675	1099	963	0	0
2074	-518	709	705	120	0	0
2075	-520	682	681	396	0	0
2076	-522	689	111	510	0	0
2077	-525	690	852	297	0	0
2078	-526	694	110	274	0	0
2079	-531	701	728	170	0	0
2080	-532	124	699	25	0	0
2081	-533	551	125	1416	0	0
2082	-535	114	701	177	0	0
2083	-538	706	711	179	0	0
2084	-543	714	719	473	0	0
2085	-545	718	32	858	0	0
2086	-547	721	720	584	0	0
2087	-548	722	841	71	0	0
2088	-553	726	727	145	0	0
2089	-556	35	723	256	0	0
2090	-557	687	734	1013	0	0
2091	-558	391	745	117	0	0
2092	-559	748	749	209	0	0
2093	-560	756	854	122	0	0
2094	-562	741	749	161	0	0
2095	-565	757	748	247	0	0
2096	-568	760	759	430	0	0
2097	-570	765	471	1654	0	0
2098	-571	765	766	513	0	0
2099	-573	1702	766	1489	0	0
2100	-577	767	770	1126	0	0
2101	-578	767	772	772	0	0
2102	-581	770	769	840	0	0
2103	-584	775	782	616	0	0
2104	-587	366	352	1392	0	0
2105	-588	109	781	241	0	0
2106	-589	778	786	150	0	0
2107	-590	695	780	232	0	0
2108	-591	417	788	2026	0	0
2109	-602	790	796	39	0	0
2110	-605	798	799	167	0	0
2111	-607	800	804	159	0	0
2112	-608	802	1465	140	0	0
2113	-613	257	800	2679	0	0
2114	-615	805	254	171	0	0
2115	-621	806	367	948	0	0
2116	-622	394	251	1086	0	0
2117	-627	349	812	188	0	0
2118	-628	813	809	1312	0	0
2119	-629	813	814	429	0	0
2120	-630	805	817	143	0	0
2121	-633	826	1463	138	0	0
2122	-634	362	363	1734	0	0
2123	-635	784	792	199	0	0
2124	-639	783	774	718	0	0
2125	-640	810	368	1683	0	0
2126	-641	780	789	70	0	0
2127	-642	794	793	151	0	0
2128	-643	824	803	52	0	0
2129	-648	838	1465	44	0	0
2130	-649	282	309	1192	0	0
2131	-650	845	848	1354	0	0
2132	-651	845	844	1375	0	0
2133	-652	832	846	630	0	0
2134	-653	847	831	137	0	0
2135	-654	850	843	1543	0	0
2136	-658	200	334	3079	0	0
2137	-659	853	1466	69	0	0
2138	-661	112	751	83	0	0
2139	-662	532	552	1074	0	0
2140	-670	553	704	1777	0	0
2141	-673	704	840	345	0	0
2142	-674	805	825	99	0	0
2143	-678	822	312	504	0	0
2144	-680	872	874	205	0	0
2145	-681	873	874	159	0	0
2146	-682	873	869	270	0	0
2147	-685	842	1107	1778	0	0
2148	-686	323	348	323	0	0
2149	-694	885	886	860	0	0
2150	-696	889	888	631	0	0
2151	-698	277	889	115	0	0
2152	-699	277	890	856	0	0
2153	-700	891	892	236	0	0
2154	-702	91	95	108	0	0
2155	-704	895	434	429	0	0
2156	-705	895	898	403	0	0
2157	-706	902	221	86	0	0
2158	-707	903	107	414	0	0
2159	-708	444	146	121	0	0
2160	-709	287	896	83	0	0
2161	-712	897	436	254	0	0
2162	-713	439	435	1349	0	0
2163	-714	907	438	519	0	0
2164	-715	438	152	2428	0	0
2165	-717	1299	910	738	0	0
2166	-719	159	1769	102	0	0
2167	-720	911	1501	1539	0	0
2168	-722	914	537	1287	0	0
2169	-724	299	56	179	0	0
2170	-725	921	487	67	0	0
2171	-726	95	239	285	0	0
2172	-727	889	871	436	0	0
2173	-733	1107	922	1166	0	0
2174	-734	925	447	191	0	0
2175	-735	871	95	111	0	0
2176	-736	936	908	684	0	0
2177	-738	938	937	220	0	0
2178	-739	1494	903	129	0	0
2179	-740	940	930	106	0	0
2180	-741	230	958	157	0	0
2181	-744	960	1273	195	0	0
2182	-745	138	1275	126	0	0
2183	-746	102	106	31	0	0
2184	-747	18	966	258	0	0
2185	-748	377	1412	77	0	0
2186	-749	377	968	250	0	0
2187	-750	974	975	276	0	0
2188	-752	769	779	1598	0	0
2189	-754	717	306	293	0	0
2190	-755	983	254	274	0	0
2191	-756	96	239	284	0	0
2192	-760	985	2010	314	0	0
2193	-768	2	1971	937	0	0
2194	-769	527	1483	1350	0	0
2195	-770	527	1474	296	0	0
2196	-772	990	19	852	0	0
2197	-773	993	1085	1018	0	0
2198	-774	994	995	686	0	0
2199	-777	1253	30	589	0	0
2200	-778	998	1004	231	0	0
2201	-780	1005	1576	107	0	0
2202	-782	1009	1012	1366	0	0
2203	-783	76	1302	483	0	0
2204	-784	76	1297	1929	0	0
2205	-786	542	547	1272	0	0
2206	-788	531	533	514	0	0
2207	-789	379	888	1360	0	0
2208	-790	1010	1011	1458	0	0
2209	-792	595	168	1106	0	0
2210	-793	1007	1828	765	0	0
2211	-798	1026	1027	98	0	0
2212	-801	1055	1165	118	0	0
2213	-802	1058	1043	60	0	0
2214	-803	1062	478	1085	0	0
2215	-804	1063	1849	116	0	0
2216	-806	993	1475	613	0	0
2217	-807	1072	1339	78	0	0
2218	-810	1023	1475	214	0	0
2219	-811	1088	1383	120	0	0
2220	-814	680	1951	379	0	0
2221	-816	529	9	1675	0	0
2222	-818	1100	1864	431	0	0
2223	-821	1384	1388	456	0	0
2224	-825	1113	1865	2476	0	0
2225	-826	1116	1121	795	0	0
2226	-828	1189	1025	960	0	0
2227	-830	1124	1687	2082	0	0
2228	-833	1126	1407	615	0	0
2229	-834	1128	1196	203	0	0
2230	-837	156	1122	979	0	0
2231	-838	1142	1678	1144	0	0
2232	-842	1150	1127	1081	0	0
2233	-843	1152	1155	1692	0	0
2234	-845	1153	1136	1166	0	0
2235	-846	1152	1153	131	0	0
2236	-847	1156	1294	433	0	0
2237	-848	1157	1156	2993	0	0
2238	-855	1161	507	669	0	0
2239	-856	1169	630	967	0	0
2240	-858	1172	1154	858	0	0
2241	-859	1172	591	866	0	0
2242	-862	273	1179	284	0	0
2243	-867	381	1180	559	0	0
2244	-868	536	1109	3022	0	0
2245	-870	1182	481	95	0	0
2246	-872	1194	12	755	0	0
2247	-874	1193	1194	432	0	0
2248	-879	1198	230	150	0	0
2249	-885	232	1200	576	0	0
2250	-892	1206	1138	817	0	0
2251	-903	1191	1160	1654	0	0
2252	-904	1211	1197	1590	0	0
2253	-907	1150	1166	1163	0	0
2254	-909	1212	144	1274	0	0
2255	-910	1200	1218	548	0	0
2256	-912	646	399	466	0	0
2257	-914	1215	117	74	0	0
2258	-917	1216	1215	218	0	0
2259	-919	116	651	229	0	0
2260	-924	1211	244	271	0	0
2261	-928	273	548	973	0	0
2262	-929	1226	136	1343	0	0
2263	-930	138	136	229	0	0
2264	-931	16	1231	187	0	0
2265	-932	70	1773	148	0	0
2266	-933	139	135	132	0	0
2267	-934	18	1235	70	0	0
2268	-935	1236	1237	91	0	0
2269	-940	279	66	545	0	0
2270	-941	1263	279	299	0	0
2271	-945	1283	1248	1629	0	0
2272	-946	1249	1250	1369	0	0
2273	-949	1199	126	283	0	0
2274	-950	1251	1252	1753	0	0
2275	-952	985	989	251	0	0
2276	-953	985	996	341	0	0
2277	-955	144	64	2123	0	0
2278	-965	19	268	190	0	0
2279	-966	21	966	269	0	0
2280	-969	1263	643	103	0	0
2281	-975	1265	1236	103	0	0
2282	-976	585	168	151	0	0
2283	-977	1246	30	771	0	0
2284	-979	269	1264	1083	0	0
2285	-982	1203	602	1605	0	0
2286	-983	485	601	211	0	0
2287	-984	427	1012	1217	0	0
2288	-985	1012	1293	455	0	0
2289	-986	585	1277	149	0	0
2290	-987	1270	1682	935	0	0
2291	-996	400	1141	857	0	0
2292	-998	1296	1138	2995	0	0
2293	-999	1140	1276	646	0	0
2294	-1001	154	99	369	0	0
2295	-1002	99	1697	71	0	0
2296	-1003	1712	483	1212	0	0
2297	-1006	1183	263	263	0	0
2298	-1007	1184	1186	787	0	0
2299	-1013	546	1248	2176	0	0
2300	-1014	1237	1243	250	0	0
2301	-1016	1735	550	912	0	0
2302	-1020	1284	1252	582	0	0
2303	-1022	134	1200	135	0	0
2304	-1023	605	638	456	0	0
2305	-1024	13	9	2007	0	0
2306	-1025	1292	84	2163	0	0
2307	-1026	1251	1226	2257	0	0
2308	-1031	1122	1210	160	0	0
2309	-1032	1737	405	980	0	0
2310	-1036	121	283	564	0	0
2311	-1038	630	1247	1097	0	0
2312	-1039	83	1187	1051	0	0
2313	-1044	1298	1752	934	0	0
2314	-1045	1153	1205	1804	0	0
2315	-1047	56	1258	188	0	0
2316	-1048	1213	69	2282	0	0
2317	-1049	1311	1264	1116	0	0
2318	-1050	1246	1263	274	0	0
2319	-1052	1306	1307	984	0	0
2320	-1053	1307	1284	683	0	0
2321	-1054	1172	1247	1000	0	0
2322	-1055	1155	1205	1246	0	0
2323	-1062	560	1238	2520	0	0
2324	-1064	1312	660	678	0	0
2325	-1066	1316	1161	196	0	0
2326	-1068	1315	1321	207	0	0
2327	-1071	1137	1323	975	0	0
2328	-1072	1324	1325	499	0	0
2329	-1075	1328	1193	1249	0	0
2330	-1076	1158	499	2687	0	0
2331	-1077	1343	1862	32	0	0
2332	-1079	1653	1363	170	0	0
2333	-1083	1381	1380	208	0	0
2334	-1085	996	989	350	0	0
2335	-1086	1383	1384	172	0	0
2336	-1087	1384	1385	96	0	0
2337	-1088	1385	1386	165	0	0
2338	-1089	1388	1389	199	0	0
2339	-1091	1620	1992	124	0	0
2340	-1092	117	648	744	0	0
2341	-1093	1393	1394	170	0	0
2342	-1095	1985	1383	97	0	0
2343	-1096	1377	1400	77	0	0
2344	-1097	1400	1401	75	0	0
2345	-1098	1402	1400	283	0	0
2346	-1099	1405	457	131	0	0
2347	-1102	1092	1444	173	0	0
2348	-1104	1406	1473	274	0	0
2349	-1105	1327	1409	758	0	0
2350	-1111	986	403	530	0	0
2351	-1113	1029	1426	363	0	0
2352	-1114	664	1428	142	0	0
2353	-1115	1434	653	113	0	0
2354	-1117	763	741	171	0	0
2355	-1120	731	739	150	0	0
2356	-1121	852	537	1693	0	0
2357	-1122	227	521	926	0	0
2358	-1123	1446	1447	130	0	0
2359	-1126	1923	1446	345	0	0
2360	-1128	1147	1448	251	0	0
2361	-1129	1456	1455	167	0	0
2362	-1130	1390	1391	186	0	0
2363	-1132	416	1463	1685	0	0
2364	-1134	359	883	2837	0	0
2365	-1135	361	1463	120	0	0
2366	-1137	696	779	293	0	0
2367	-1138	358	348	1086	0	0
2368	-1140	687	688	671	0	0
2369	-1142	480	54	1274	0	0
2370	-1143	418	800	111	0	0
2371	-1144	1465	418	117	0	0
2372	-1146	1031	1473	281	0	0
2373	-1147	1480	1674	1498	0	0
2374	-1148	1482	1480	489	0	0
2375	-1152	1485	1474	1516	0	0
2376	-1153	1474	430	65	0	0
2377	-1155	1484	1099	967	0	0
2378	-1159	1491	1675	1434	0	0
2379	-1160	392	259	1240	0	0
2380	-1161	810	367	853	0	0
2381	-1162	818	825	56	0	0
2382	-1163	370	300	604	0	0
2383	-1164	743	765	530	0	0
2384	-1165	812	256	4550	0	0
2385	-1166	781	822	1941	0	0
2386	-1167	258	113	1533	0	0
2387	-1168	1469	705	548	0	0
2388	-1169	721	1464	303	0	0
2389	-1170	1494	1561	210	0	0
2390	-1175	1496	1181	671	0	0
2391	-1176	1497	1495	302	0	0
2392	-1177	1499	1591	105	0	0
2393	-1180	1501	913	2381	0	0
2394	-1181	1503	1587	82	0	0
2395	-1182	968	1413	96	0	0
2396	-1183	1507	474	218	0	0
2397	-1184	477	473	212	0	0
2398	-1185	1066	1509	1519	0	0
2399	-1187	1513	1514	174	0	0
2400	-1189	1526	1523	77	0	0
2401	-1191	860	311	2897	0	0
2402	-1193	1248	398	1156	0	0
2403	-1194	1530	1531	365	0	0
2404	-1196	1528	433	900	0	0
2405	-1197	361	883	2004	0	0
2406	-1198	51	1534	55	0	0
2407	-1199	1537	1494	856	0	0
2408	-1201	914	238	262	0	0
2409	-1202	1497	1499	331	0	0
2410	-1204	446	285	2236	0	0
2411	-1206	913	510	892	0	0
2412	-1207	510	380	698	0	0
2413	-1209	145	864	1899	0	0
2414	-1210	1056	1539	96	0	0
2415	-1211	1546	1548	108	0	0
2416	-1213	1551	1632	115	0	0
2417	-1216	1552	1553	261	0	0
2418	-1218	1982	1645	217	0	0
2419	-1221	667	671	192	0	0
2420	-1224	445	1501	354	0	0
2421	-1225	242	906	323	0	0
2422	-1226	1575	1000	464	0	0
2423	-1230	1584	1064	329	0	0
2424	-1231	1585	1418	74	0	0
2425	-1234	1584	1011	359	0	0
2426	-1237	1461	1098	439	0	0
2427	-1240	1600	1583	73	0	0
2428	-1242	1602	1608	399	0	0
2429	-1245	1604	1605	40	0	0
2430	-1246	1607	197	360	0	0
2431	-1249	1610	523	252	0	0
2432	-1252	1612	12	370	0	0
2433	-1254	1480	1889	1723	0	0
2434	-1256	1482	1507	590	0	0
2435	-1258	1663	1613	231	0	0
2436	-1259	1614	1143	168	0	0
2437	-1261	588	589	127	0	0
2438	-1271	1622	196	156	0	0
2439	-1272	1623	250	2254	0	0
2440	-1273	364	365	80	0	0
2441	-1276	414	349	1670	0	0
2442	-1277	367	366	1321	0	0
2443	-1278	356	355	1452	0	0
2444	-1279	323	252	1779	0	0
2445	-1280	394	255	1174	0	0
2446	-1281	771	240	2611	0	0
2447	-1288	1705	1682	3181	0	0
2448	-1289	1461	1630	164	0	0
2449	-1290	991	1932	107	0	0
2450	-1291	1637	1638	56	0	0
2451	-1294	1272	1271	1481	0	0
2452	-1296	620	1270	1427	0	0
2453	-1297	686	689	356	0	0
2454	-1298	31	1253	648	0	0
2455	-1300	1195	1220	2069	0	0
2456	-1301	968	1411	231	0	0
2457	-1302	1322	1319	275	0	0
2458	-1303	1325	1326	160	0	0
2459	-1304	341	1195	1260	0	0
2460	-1305	1151	243	838	0	0
2461	-1306	390	329	3401	0	0
2462	-1307	797	782	216	0	0
2463	-1309	606	200	1182	0	0
2464	-1310	1226	303	494	0	0
2465	-1311	461	1959	77	0	0
2466	-1312	1638	1381	182	0	0
2467	-1315	1650	1681	629	0	0
2468	-1316	586	1280	1649	0	0
2469	-1319	1646	1815	276	0	0
2470	-1323	1668	1399	728	0	0
2471	-1324	1657	999	405	0	0
2472	-1327	656	1855	26	0	0
2473	-1328	1663	1123	976	0	0
2474	-1331	1102	1124	732	0	0
2475	-1332	198	1607	281	0	0
2476	-1333	1675	1176	717	0	0
2477	-1335	0	1677	1342	0	0
2478	-1336	1679	216	2159	0	0
2479	-1337	1613	1125	1290	0	0
2480	-1339	1650	178	1203	0	0
2481	-1340	1683	1627	598	0	0
2482	-1342	1133	1690	1515	0	0
2483	-1348	1642	1296	2894	0	0
2484	-1351	1324	1777	1143	0	0
2485	-1352	1051	1796	309	0	0
2486	-1354	395	713	4079	0	0
2487	-1356	860	55	2491	0	0
2488	-1358	614	1705	3354	0	0
2489	-1362	465	1512	51	0	0
2490	-1365	468	1977	161	0	0
2491	-1368	615	1629	3424	0	0
2492	-1369	1707	639	2138	0	0
2493	-1370	1629	1706	1720	0	0
2494	-1371	1715	1743	346	0	0
2495	-1372	637	130	593	0	0
2496	-1373	1718	1686	60	0	0
2497	-1374	1717	1719	104	0	0
2498	-1375	1749	621	130	0	0
2499	-1376	1118	340	256	0	0
2500	-1377	1725	1141	1666	0	0
2501	-1379	1694	342	329	0	0
2502	-1382	472	412	894	0	0
2503	-1383	1304	1282	2369	0	0
2504	-1384	1729	1250	438	0	0
2505	-1385	1730	619	586	0	0
2506	-1387	284	1611	2340	0	0
2507	-1388	1730	1731	2069	0	0
2508	-1389	1731	1732	934	0	0
2509	-1390	1733	1737	1137	0	0
2510	-1391	1733	1736	634	0	0
2511	-1392	1738	246	983	0	0
2512	-1393	1710	81	2209	0	0
2513	-1396	1716	495	1384	0	0
2514	-1397	1743	128	221	0	0
2515	-1398	1268	68	289	0	0
2516	-1406	133	607	1857	0	0
2517	-1407	1207	1019	667	0	0
2518	-1408	1207	1209	560	0	0
2519	-1410	618	639	2419	0	0
2520	-1411	1302	1303	2351	0	0
2521	-1412	1755	652	826	0	0
2522	-1414	994	1198	983	0	0
2523	-1415	1293	1009	1023	0	0
2524	-1416	1731	1125	1058	0	0
2525	-1417	64	1752	99	0	0
2526	-1418	302	1004	562	0	0
2527	-1422	596	584	2196	0	0
2528	-1427	116	1219	287	0	0
2529	-1428	1759	1258	159	0	0
2530	-1432	642	48	1491	0	0
2531	-1433	1691	1717	76	0	0
2532	-1434	1627	1642	251	0	0
2533	-1435	623	208	144	0	0
2534	-1436	592	590	370	0	0
2535	-1437	1224	1225	93	0	0
2536	-1438	135	490	101	0	0
2537	-1439	1626	1706	963	0	0
2538	-1440	260	567	1226	0	0
2539	-1441	1707	1629	1492	0	0
2540	-1442	1301	1271	2740	0	0
2541	-1443	1776	1778	371	0	0
2542	-1447	1595	1316	224	0	0
2543	-1448	1795	1447	81	0	0
2544	-1449	1768	574	125	0	0
2545	-1453	1799	1802	144	0	0
2546	-1454	1804	1405	123	0	0
2547	-1456	1389	1807	66	0	0
2548	-1458	1088	1021	144	0	0
2549	-1463	1953	1810	504	0	0
2550	-1464	1145	1550	60	0	0
2551	-1467	1812	1550	199	0	0
2552	-1469	1815	1851	75	0	0
2553	-1474	1357	1633	212	0	0
2554	-1476	172	1828	1822	0	0
2555	-1479	1699	1829	1549	0	0
2556	-1481	1832	1829	645	0	0
2557	-1482	1833	1829	823	0	0
2558	-1486	1700	1837	1677	0	0
2559	-1487	1114	1838	94	0	0
2560	-1488	213	1588	188	0	0
2561	-1490	1846	1847	67	0	0
2562	-1495	459	1835	204	0	0
2563	-1496	1812	1635	102	0	0
2564	-1497	1523	1652	140	0	0
2565	-1500	1826	1661	620	0	0
2566	-1501	1853	1655	85	0	0
2567	-1504	36	1826	383	0	0
2568	-1506	186	347	1617	0	0
2569	-1507	1453	1864	198	0	0
2570	-1509	1590	1123	334	0	0
2571	-1511	1879	198	152	0	0
2572	-1512	1888	201	1175	0	0
2573	-1514	1913	1844	180	0	0
2574	-1515	1677	479	487	0	0
2575	-1518	1843	478	790	0	0
2576	-1523	205	1489	1588	0	0
2577	-1525	215	1508	1833	0	0
2578	-1526	1894	215	277	0	0
2579	-1528	1676	1590	1421	0	0
2580	-1529	1956	1484	2004	0	0
2581	-1530	1907	1922	58	0	0
2582	-1531	1910	987	1078	0	0
2583	-1535	1680	1912	1172	0	0
2584	-1536	1606	172	809	0	0
2585	-1537	1514	203	2526	0	0
2586	-1538	1784	1687	1909	0	0
2587	-1539	1572	1583	309	0	0
2588	-1543	1837	462	1153	0	0
2589	-1548	1800	1105	185	0	0
2590	-1549	1031	1147	105	0	0
2591	-1550	644	1242	193	0	0
2592	-1552	708	785	87	0	0
2593	-1554	292	1945	221	0	0
2594	-1555	1347	1336	442	0	0
2595	-1557	37	1567	434	0	0
2596	-1558	89	5	557	0	0
2597	-1559	1781	1796	212	0	0
2598	-1561	833	1112	852	0	0
2599	-1562	646	1214	322	0	0
2600	-1567	1953	1559	591	0	0
2601	-1576	1601	584	2818	0	0
2602	-1577	975	1616	238	0	0
2603	-1579	1034	1972	66	0	0
2604	-1580	1958	1033	68	0	0
2605	-1581	1962	1643	177	0	0
2606	-1582	1558	1963	287	0	0
2607	-1584	1704	1665	1240	0	0
2608	-1585	1860	464	1394	0	0
2609	-1586	1806	1805	77	0	0
2610	-1587	1664	1971	1209	0	0
2611	-1588	1916	1967	30	0	0
2612	-1589	476	1971	869	0	0
2613	-1591	0	475	1531	0	0
2614	-1593	1974	1979	1575	0	0
2615	-1594	2001	1576	152	0	0
2616	-1595	1912	250	1407	0	0
2617	-1598	1661	1035	1840	0	0
2618	-1599	1406	1080	807	0	0
2619	-1600	1993	657	273	0	0
2620	-1603	1826	1859	3155	0	0
2621	-1604	1976	1665	2209	0	0
2622	-1606	2	1001	507	0	0
2623	-1607	1551	1827	503	0	0
2624	-1609	1035	1656	405	0	0
2625	-1612	1983	1419	70	0	0
2626	-1613	1343	1420	73	0	0
2627	-1615	1390	1458	241	0	0
2628	-1616	1661	1649	698	0	0
2629	-1617	1448	1336	305	0	0
2630	-1618	1828	975	6587	0	0
2631	-1619	1402	1646	186	0	0
2632	-1620	1005	1608	643	0	0
2633	-1621	1257	1215	267	0	0
2634	-1622	535	860	802	0	0
2635	-1623	316	333	1408	0	0
2636	-1624	1207	232	830	0	0
2637	-1625	774	784	1097	0	0
2638	-1626	3	1480	445	0	0
2639	-1627	1532	1534	116	0	0
2640	-1628	230	134	340	0	0
2641	-1629	1257	1208	826	0	0
2642	-1630	1219	1019	817	0	0
2643	-1632	496	1744	1019	0	0
2644	-1634	426	2017	1	0	0
2645	2405	2017	513	266	1020	1
2646	-429	426	513	135	0	0
2647	-1633	176	2016	1	0	0
2648	593	2016	175	60	510	1
2649	-138	176	175	53	0	0
2650	-1636	164	68	572	0	0
2651	-1639	1608	479	2523	0	0
2652	-1640	732	823	35	0	0
2653	-1641	621	156	548	0	0
2654	-1643	1408	523	206	0	0
END
-----------------------------------------
InputUsedToGenerateTheGraph:
County:	Norddjurs
CenterNodeId:	0
Radius:	1000000
HouseTypes:	Apartment
NumberOfWasteFractions: 1
IntervalsForWasteFraction:	general	3.5	7.0	14.0
-----------------------------------------


