ProblemType:	CARP
NumberNodes:	393
NumberEdges:	421
DepotNodeNumber:	28
NumberOfFractions:	1
NumberOfIntervalsForFraction	General_Glass_Metal_Plastic_Organic	1	14
GRAPH
EdgeNumber	EdgeId	StartNodeNumber	EndNodeNumber	Cost	Demand_0	Bins_0
START
0	197	0	1	44	323	2
1	198	1	2	15	0	0
2	199	3	4	102	1054	6
3	200	4	5	48	162	1
4	262	6	7	194	204	1
5	459	8	9	259	94	1
6	461	10	11	13	162	1
7	701	12	13	110	0	0
8	757	14	15	142	527	3
9	758	15	16	122	366	2
10	830	14	17	22	0	0
11	831	17	16	113	646	4
12	834	18	19	105	162	1
13	835	19	15	51	408	2
14	912	20	21	299	0	0
15	913	20	22	185	0	0
16	914	21	23	130	162	1
17	955	24	25	67	0	0
18	956	26	27	350	162	1
19	1023	28	29	958	10049	20
20	1024	30	31	303	162	1
21	1025	32	33	142	0	0
22	1026	34	35	153	162	1
23	1027	36	37	240	0	0
24	1028	38	39	220	1105	7
25	1029	40	38	335	340	1
26	1030	40	36	201	323	2
27	1031	36	41	470	0	0
28	1032	42	43	81	1131	7
29	1033	43	39	78	1141	3
30	1034	43	44	143	851	5
31	1136	45	46	338	0	0
32	1277	47	48	292	323	2
33	1279	49	50	175	1335	8
34	1280	50	51	11	0	0
35	1281	51	52	94	485	3
36	1282	52	53	81	323	2
37	1283	53	54	104	94	1
38	1285	55	56	1296	162	1
39	1286	50	57	43	527	3
40	1287	51	58	33	323	2
41	1288	52	59	48	366	2
42	1289	46	60	344	0	0
43	1290	46	12	59	0	0
44	1291	56	61	27	0	0
45	1292	61	62	248	0	0
46	1293	63	64	39	0	0
47	1298	65	66	437	0	0
48	1299	67	65	127	204	1
49	1300	65	68	83	0	0
50	1301	69	26	283	162	1
51	1302	70	10	98	204	1
52	1303	20	70	135	604	4
53	1304	70	63	51	94	1
54	1336	48	71	21	0	0
55	1346	49	72	13	0	0
56	1473	73	74	136	0	0
57	1474	75	76	143	0	0
58	1475	77	78	71	646	4
59	1484	79	77	384	0	0
60	1486	33	80	169	0	0
61	1575	45	81	148	162	1
62	1577	82	23	161	485	3
63	1578	23	83	513	0	0
64	1579	82	21	75	162	1
65	1654	25	27	237	162	1
66	1655	27	41	238	204	1
67	1657	84	85	233	486	2
68	1658	86	87	40	323	2
69	1659	86	88	764	323	2
70	1660	24	84	86	162	1
71	1661	41	89	345	0	0
72	1894	90	91	328	204	1
73	1906	92	67	232	0	0
74	1909	93	94	300	0	0
75	1910	94	66	176	162	1
76	1921	83	95	172	0	0
77	1922	96	97	69	0	0
78	1923	98	99	40	417	3
79	1971	85	100	309	0	0
80	1972	100	101	10	0	0
81	1974	102	103	1374	0	0
82	2303	105	106	470	1242	7
83	2304	90	103	209	94	1
84	2305	103	105	67	162	1
85	2306	107	108	141	0	0
86	2307	108	109	40	0	0
87	2338	110	111	64	1437	7
88	2339	112	113	43	621	3
89	2340	113	110	37	366	2
90	2341	114	115	110	867	4
91	2342	115	112	73	0	0
92	2343	116	114	157	0	0
93	2345	117	118	41	0	0
94	2346	118	119	66	0	0
95	2347	120	121	32	2244	2
96	2349	117	122	23	0	0
97	2350	122	120	20	162	1
98	2351	123	124	8	0	0
99	2352	124	125	46	663	3
100	2731	126	127	95	808	5
101	2858	128	129	84	119	1
102	2862	62	130	179	162	1
103	2863	131	132	76	119	1
104	2878	64	133	136	162	1
105	2879	134	135	99	408	2
106	2881	95	136	294	162	1
107	2882	97	137	112	94	1
108	2883	97	138	176	323	2
109	2885	139	140	111	162	1
110	2886	141	142	71	204	1
111	2887	143	144	74	340	1
112	2911	145	146	35	94	1
113	3010	60	147	68	162	1
114	3300	148	149	180	162	1
115	3309	150	151	287	162	1
116	3311	152	153	176	162	1
117	3312	154	155	140	204	1
118	3389	156	157	174	162	1
119	3391	158	89	32	0	0
120	3392	89	156	170	0	0
121	3653	159	102	232	0	0
122	3654	34	128	60	0	0
123	3655	128	32	347	366	2
124	3656	160	161	132	162	1
125	3662	61	141	456	0	0
126	3663	141	76	27	0	0
127	3664	162	75	485	204	1
128	3665	76	163	609	366	2
129	3666	163	139	280	162	1
130	3677	165	166	694	340	1
131	3678	166	167	7	0	0
132	3679	168	36	1233	1939	9
133	3742	94	169	98	162	1
134	3873	170	171	64	204	1
135	3875	66	172	76	162	1
136	3876	92	173	111	162	1
137	3880	174	175	97	162	1
138	3882	176	177	126	323	2
139	3883	178	179	60	94	1
140	3884	102	180	33	204	1
141	3885	101	181	104	204	1
142	3886	100	182	75	119	1
143	3887	163	183	302	162	1
144	3889	184	185	99	162	1
145	3890	186	187	80	204	1
146	4159	188	189	82	689	4
147	4160	188	190	45	417	3
148	4161	191	188	44	485	3
149	4162	125	192	134	646	4
150	4165	120	192	40	162	1
151	4298	193	194	34	0	0
152	4366	195	196	74	442	3
153	4469	197	198	130	0	0
154	4470	198	199	235	255	2
155	4557	200	174	860	1760	12
156	4558	174	201	137	510	4
157	4559	201	202	657	162	1
158	4560	201	203	216	0	0
159	4561	203	145	274	0	0
160	4562	145	104	105	0	0
161	4563	104	204	198	0	0
162	4564	205	60	450	0	0
163	4566	206	178	60	0	0
164	4567	178	207	86	0	0
165	4580	208	209	55	340	1
166	4581	210	208	82	680	2
167	4582	211	210	41	162	1
168	4583	210	212	34	0	0
169	4585	170	211	112	162	1
170	4586	134	213	244	0	0
171	4587	22	134	157	0	0
172	4588	22	131	425	0	0
173	4589	131	214	496	162	1
174	4590	214	186	267	162	1
175	4591	29	40	792	255	2
176	4596	215	216	149	1463	6
177	4597	216	217	83	969	6
178	4612	218	208	45	0	0
179	4613	219	220	190	366	2
180	4614	220	221	30	0	0
181	4615	222	184	126	0	0
182	4616	184	223	526	0	0
183	4651	91	224	80	162	1
184	4682	17	225	63	502	2
185	4683	19	226	125	162	1
186	4684	107	227	169	162	1
187	4685	108	228	74	162	1
188	5001	109	24	255	0	0
189	5002	109	229	111	340	1
190	5003	107	230	502	162	1
191	5004	230	231	69	204	1
192	5961	232	4	32	162	1
193	6018	233	234	14	1012	6
194	6020	235	143	281	0	0
195	6024	236	237	37	1003	7
196	6025	236	238	16	162	1
197	6056	239	240	36	485	3
198	6057	241	242	286	417	3
199	6058	243	233	28	323	2
200	6060	193	244	36	646	4
201	6061	245	193	20	162	1
202	6062	246	247	9	0	0
203	6125	207	248	119	162	1
204	6143	164	249	357	162	1
205	6144	250	241	107	757	4
206	6145	241	251	80	0	0
207	6146	251	252	371	255	2
208	6147	253	250	3	0	0
209	6148	253	254	38	323	2
210	6149	255	239	31	162	1
211	6150	239	256	150	1734	11
212	6151	206	257	41	0	0
213	6152	257	116	119	0	0
214	6153	257	258	69	1182	5
215	6186	164	246	126	255	2
216	6198	8	259	544	0	0
217	6199	260	255	79	850	5
218	6201	261	262	165	94	1
219	6224	125	263	11	0	0
220	6275	259	264	55	162	1
221	6540	265	266	133	162	1
222	6541	267	92	860	0	0
223	6622	265	167	29	0	0
224	6704	93	268	215	162	1
225	6808	267	168	381	0	0
226	6925	269	267	155	0	0
227	6940	270	170	2120	0	0
228	7029	194	271	40	731	4
229	7115	269	270	480	162	1
230	7126	112	272	62	867	4
231	7339	87	195	29	485	3
232	7340	195	42	33	162	1
233	7425	273	126	178	3061	12
234	7426	126	3	8	0	0
235	7634	274	68	395	323	2
236	8169	274	275	435	527	3
237	8170	275	276	264	323	2
238	8171	275	277	420	94	1
239	8348	278	14	159	646	4
240	8369	279	280	82	808	5
241	8370	280	281	13	0	0
242	8371	281	282	134	485	3
243	8373	283	284	87	323	2
244	8374	285	286	704	578	4
245	8567	287	143	124	0	0
246	8568	73	261	429	0	0
247	8570	287	288	497	0	0
248	8572	5	289	77	204	1
249	8573	289	191	109	162	1
250	8574	290	283	93	1624	7
251	8575	279	253	31	646	4
252	8582	284	291	89	204	1
253	8583	291	292	82	0	0
254	8584	292	197	32	162	1
255	8585	197	7	841	0	0
256	8586	293	294	87	927	6
257	8587	294	245	183	2559	15
258	8588	294	243	92	969	6
259	8589	119	293	49	646	4
260	8590	293	289	318	3978	23
261	8591	295	123	29	0	0
262	8592	263	273	61	1947	5
263	8593	296	260	134	2227	12
264	8594	118	255	160	1938	12
265	8595	238	297	32	162	1
266	8596	123	298	61	808	5
267	8597	290	236	79	1641	4
268	8598	292	299	168	2304	14
269	8599	291	300	125	2142	13
270	8600	284	301	119	2143	12
271	8601	302	176	231	1335	8
272	8602	303	281	78	0	0
273	8603	282	303	166	162	1
274	8604	303	250	100	765	5
275	8605	263	280	134	1615	10
276	8614	217	2	138	969	6
277	8615	290	295	22	1472	2
278	8633	114	304	60	162	1
279	8718	119	116	71	0	0
280	8720	295	305	105	323	2
281	8721	305	117	36	0	0
282	8722	206	306	71	1310	1
283	8788	288	307	167	0	0
284	8825	273	279	17	0	0
285	8901	283	308	88	969	6
286	8902	308	302	51	731	4
287	8934	262	287	94	0	0
288	8940	249	309	238	0	0
289	8985	307	310	97	94	1
290	8986	309	199	114	0	0
291	8987	309	311	337	162	1
292	8992	247	312	124	255	2
293	8993	71	313	241	162	1
294	8994	313	314	172	162	1
295	8995	288	315	188	94	1
296	9006	217	316	53	162	1
297	9007	316	286	900	1888	5
298	9008	316	317	71	162	1
299	9138	262	318	259	655	1
300	9139	313	264	107	204	1
301	9140	302	259	458	1862	6
302	9152	7	235	241	162	1
303	9419	167	269	106	680	2
304	9622	213	319	48	0	0
305	9623	320	321	132	0	0
306	9624	322	62	296	0	0
307	9687	323	324	73	408	2
308	9688	27	325	222	0	0
309	9752	47	326	578	281	2
310	9754	327	82	63	323	2
311	9755	327	328	114	646	4
312	9756	327	212	73	850	5
313	9767	154	13	20	0	0
314	9768	319	96	379	0	0
315	9769	329	205	43	162	1
316	9770	204	330	21	323	2
317	9771	28	331	655	204	1
318	9772	152	285	708	0	0
319	9802	83	12	702	0	0
320	9803	332	69	121	0	0
321	9826	333	334	75	3928	3
322	9827	335	98	66	527	3
323	9828	37	335	69	366	2
324	9829	335	336	222	2848	15
325	9830	337	223	492	323	2
326	9840	79	338	153	323	2
327	9843	72	339	150	1615	10
328	9844	340	341	56	646	4
329	9872	342	343	137	1921	5
330	9873	343	200	82	646	4
331	9875	333	202	511	0	0
332	9876	333	218	229	0	0
333	9877	218	211	3	0	0
334	9878	72	54	258	1131	7
335	9879	55	321	259	485	3
336	9880	54	340	87	485	3
337	9881	340	55	23	0	0
338	9882	337	74	504	162	1
339	9883	85	325	69	162	1
340	9884	325	158	291	740	5
341	9885	323	86	33	162	1
342	9886	37	38	16	0	0
343	9887	42	344	53	2406	5
344	9888	344	336	52	162	1
345	9889	345	90	606	723	2
346	9890	88	345	280	0	0
347	9895	79	346	69	0	0
348	9900	347	348	128	162	1
349	9901	349	148	251	0	0
350	9902	148	221	519	323	2
351	9944	350	351	446	604	4
352	9945	350	352	696	94	1
353	9950	35	353	71	162	1
354	9963	328	354	25	323	2
355	9999	160	32	348	323	2
356	10000	80	355	48	485	3
357	10001	320	356	169	323	2
358	10002	46	154	72	0	0
359	10007	203	357	140	94	1
360	10010	96	331	96	0	0
361	10011	331	358	183	340	1
362	10037	332	359	371	162	1
363	10038	65	360	309	0	0
364	10039	360	332	44	0	0
365	10040	360	361	143	204	1
366	10045	31	222	40	0	0
367	10046	222	362	159	162	1
368	10047	31	363	344	340	1
369	10048	363	337	517	204	1
370	10049	363	364	218	162	1
371	10050	223	159	26	0	0
372	10051	159	365	234	408	2
373	10052	365	34	183	0	0
374	10053	365	366	260	323	2
375	10079	158	323	173	1105	7
376	10089	367	368	173	162	1
377	10092	33	369	68	0	0
378	10093	369	367	12	0	0
379	10094	369	370	134	162	1
380	10095	13	150	309	0	0
381	10096	150	371	446	0	0
382	10097	371	49	214	0	0
383	10098	371	372	160	119	1
384	10102	200	373	148	323	2
385	10114	212	374	66	323	2
386	10123	74	162	806	0	0
387	10124	162	375	337	655	1
388	10125	322	28	209	162	1
389	10126	376	377	32	0	0
390	10127	376	378	196	162	1
391	10128	221	379	446	0	0
392	10129	379	30	72	0	0
393	10130	379	380	187	323	2
394	10131	39	219	23	0	0
395	10132	219	381	60	366	2
396	10133	75	347	307	0	0
397	10134	347	377	324	162	1
398	10140	349	382	197	323	2
399	10141	382	376	159	0	0
400	10142	382	383	249	162	1
401	10158	346	384	646	323	2
402	10159	384	73	999	0	0
403	10160	384	385	243	162	1
404	10161	351	47	82	119	1
405	10162	351	386	196	94	1
406	10163	319	387	426	0	0
407	10164	387	56	678	323	2
408	10165	387	388	202	162	1
409	10166	213	389	174	94	1
410	10168	321	350	96	0	0
411	10173	152	53	101	162	1
412	10175	390	214	381	655	1
413	10185	322	391	119	204	1
414	10186	322	392	196	561	1
415	10676	276	230	158	0	0
416	10677	230	18	356	663	3
417	-1	242	251	1	0	0
418	-2	81	104	1267	0	0
419	-3	139	164	550	0	0
420	-5	29	186	184	0	0
END
-----------------------------------------
InputUsedToGenerateTheGraph:
County:	SkanderborgOdder
CenterNodeId:	1416
Radius:	5000
HouseTypes:	Normal	Summer	Apartment
NumberOfWasteFractions: 1
IntervalsForWasteFraction:	general	2.333333	3.5	7.0	14.0	28.0
-----------------------------------------


