ProblemType:	CARP
NumberNodes:	1564
NumberEdges:	1805
DepotNodeNumber:	951
NumberOfFractions:	1
NumberOfIntervalsForFraction	General_Glass_Metal_Plastic_Organic	1	14
GRAPH
EdgeNumber	EdgeId	StartNodeNumber	EndNodeNumber	Cost	Demand_0	Bins_0
START
0	39	0	1	77	893	7
1	40	2	1	75	94	1
2	41	3	4	151	94	1
3	42	5	6	173	188	1
4	43	7	8	76	800	4
5	44	9	10	87	0	0
6	45	11	8	338	1080	6
7	46	12	10	93	204	1
8	47	5	12	240	0	0
9	48	4	5	209	844	5
10	49	8	4	223	520	3
11	52	13	14	88	119	1
12	53	15	16	105	94	1
13	54	17	18	297	2483	16
14	70	19	20	262	1488	7
15	71	21	22	208	2831	14
16	72	23	24	46	94	1
17	73	24	21	119	1701	10
18	96	25	26	138	94	1
19	97	27	28	50	188	1
20	98	29	30	119	562	3
21	99	31	32	85	94	1
22	100	33	29	142	0	0
23	103	26	32	35	0	0
24	104	28	31	71	0	0
25	106	34	33	359	0	0
26	161	35	36	90	0	0
27	162	36	37	16	94	1
28	163	38	39	79	0	0
29	164	40	38	29	94	1
30	165	41	39	8	0	0
31	166	39	42	89	94	1
32	167	35	41	78	442	3
33	168	43	44	431	119	1
34	169	35	44	175	0	0
35	256	45	46	5	204	1
36	257	46	47	10	0	0
37	258	48	49	45	204	1
38	259	50	51	54	119	1
39	260	52	53	72	213	2
40	261	54	55	49	119	1
41	262	56	55	336	94	1
42	263	55	57	371	94	1
43	264	49	58	30	0	0
44	265	56	59	239	612	3
45	266	60	61	34	0	0
46	267	47	49	24	0	0
47	268	62	47	4	0	0
48	269	51	59	101	94	1
49	270	61	51	61	0	0
50	271	58	60	172	0	0
51	287	63	64	43	238	1
52	288	65	66	360	468	3
53	289	67	65	151	188	1
54	290	63	68	145	468	3
55	291	66	63	151	748	4
56	303	69	70	97	646	4
57	304	71	72	51	188	1
58	305	73	72	127	188	1
59	306	72	74	27	0	0
60	307	75	76	69	0	0
61	308	77	75	97	307	2
62	309	66	76	253	894	5
63	310	78	75	111	800	4
64	390	79	80	143	656	4
65	409	81	82	64	374	2
66	410	83	84	14	0	0
67	411	85	86	167	470	3
68	412	87	2	110	0	0
69	413	88	81	103	0	0
70	414	89	90	73	0	0
71	415	91	92	183	94	1
72	416	93	94	98	2040	2
73	417	95	96	34	188	1
74	418	96	97	113	0	0
75	420	90	98	55	0	0
76	421	99	94	118	1284	5
77	422	99	89	268	545	3
78	423	98	100	90	0	0
79	424	81	99	61	0	0
80	425	2	88	99	0	0
81	426	100	19	77	188	1
82	427	101	102	140	0	0
83	428	103	104	92	680	1
84	429	105	85	200	1122	8
85	431	102	86	212	0	0
86	432	97	91	79	188	1
87	433	84	105	15	0	0
88	434	106	83	222	1080	6
89	435	19	101	35	0	0
90	438	104	107	193	426	2
91	439	95	103	123	188	1
92	440	105	83	15	0	0
93	441	108	109	62	188	1
94	442	109	87	28	0	0
95	443	110	84	121	0	0
96	447	111	85	99	561	4
97	450	92	108	45	0	0
98	627	112	113	125	816	2
99	629	114	115	750	0	0
100	630	114	113	153	0	0
101	631	116	98	320	1573	8
102	659	117	118	78	188	1
103	660	119	117	41	188	1
104	661	120	121	267	375	3
105	662	122	120	367	426	2
106	663	123	124	159	1904	9
107	733	125	126	28	0	0
108	734	127	125	73	442	2
109	735	128	129	102	188	1
110	736	129	127	171	0	0
111	737	126	130	22	0	0
112	738	131	125	30	204	1
113	739	132	129	86	425	3
114	740	133	134	50	1913	6
115	741	134	135	35	0	0
116	795	136	137	630	374	4
117	814	138	139	67	94	1
118	815	140	141	61	188	1
119	816	142	143	27	204	1
120	817	144	145	84	204	1
121	818	146	147	203	94	1
122	819	139	140	197	188	1
123	820	143	145	33	0	0
124	821	139	143	84	0	0
125	822	148	149	249	485	4
126	823	145	148	88	476	2
127	824	147	140	8	0	0
128	834	150	151	31	816	2
129	835	152	153	68	188	1
130	836	154	155	40	204	1
131	837	153	155	349	0	0
132	838	156	151	121	0	0
133	839	153	157	13	0	0
134	840	151	154	196	204	1
135	896	158	159	89	690	3
136	949	160	161	50	843	6
137	950	161	162	76	307	2
138	951	163	162	52	749	5
139	952	164	165	90	1088	5
140	953	166	167	58	1547	9
141	954	168	165	32	374	2
142	955	162	167	79	282	2
143	956	165	161	163	1642	9
144	957	167	87	60	188	1
145	1036	169	170	4	0	0
146	1037	171	172	13	94	1
147	1038	173	174	82	0	0
148	1039	175	176	56	204	1
149	1041	177	178	289	94	1
150	1043	179	180	27	188	1
151	1044	174	181	27	1632	4
152	1045	182	183	122	0	0
153	1046	184	169	65	204	1
154	1047	184	185	40	0	0
155	1048	182	169	42	0	0
156	1049	186	187	113	0	0
157	1050	188	189	218	0	0
158	1051	190	191	5	0	0
159	1052	183	192	182	0	0
160	1053	191	193	8	0	0
161	1054	194	195	8	0	0
162	1055	178	186	52	0	0
163	1057	196	197	64	0	0
164	1058	198	197	52	188	1
165	1059	199	176	25	0	0
166	1060	189	178	248	0	0
167	1061	200	194	198	374	2
168	1063	201	199	290	0	0
169	1064	195	202	43	0	0
170	1066	203	192	319	0	0
171	1068	204	196	4	0	0
172	1069	176	180	255	0	0
173	1070	205	206	763	0	0
174	1071	203	188	245	0	0
175	1072	198	205	166	417	3
176	1074	207	190	67	0	0
177	1075	193	204	47	0	0
178	1076	180	208	119	94	1
179	1077	201	187	105	468	3
180	1078	202	203	429	0	0
181	1079	208	207	123	0	0
182	1080	209	210	144	0	0
183	1081	189	173	148	0	0
184	1082	209	173	42	0	0
185	1083	199	172	388	0	0
186	1261	211	212	43	119	1
187	1262	213	214	36	238	1
188	1263	215	216	35	238	1
189	1264	217	218	593	408	1
190	1265	219	220	83	187	2
191	1266	221	222	186	119	1
192	1267	223	224	58	188	1
193	1268	225	214	21	0	0
194	1270	214	215	78	204	1
195	1271	224	226	181	0	0
196	1272	218	224	65	0	0
197	1273	222	227	217	94	1
198	1274	220	222	148	0	0
199	1275	227	218	266	0	0
200	1276	215	220	119	282	2
201	1277	228	229	41	94	1
202	1278	230	231	140	408	1
203	1279	232	233	122	204	1
204	1280	234	235	52	0	0
205	1281	236	234	14	408	1
206	1283	237	238	75	94	1
207	1285	239	240	289	204	1
208	1289	238	241	379	0	0
209	1291	233	242	252	94	1
210	1292	239	212	178	0	0
211	1293	231	235	328	0	0
212	1297	244	235	85	0	0
213	1299	244	229	461	0	0
214	1301	231	238	356	0	0
215	1302	245	233	54	0	0
216	1304	243	229	42	0	0
217	1305	212	245	235	0	0
218	1307	246	241	284	1479	9
219	1475	247	248	50	0	0
220	1476	249	250	17	187	2
221	1477	251	252	17	188	1
222	1478	253	254	109	94	1
223	1479	255	251	7	0	0
224	1480	252	248	53	188	1
225	1481	256	253	131	963	6
226	1482	250	257	109	706	3
227	1483	258	249	7	0	0
228	1484	254	255	128	188	1
229	1485	248	258	155	605	4
230	1491	259	260	318	1190	4
231	1492	261	260	74	94	1
232	1493	262	263	59	970	4
233	1494	263	264	95	0	0
234	1495	265	266	145	1531	8
235	1496	267	260	78	0	0
236	1497	260	268	38	0	0
237	1498	264	267	107	0	0
238	1500	266	263	117	919	5
239	1501	269	264	121	1344	6
240	1502	267	270	126	986	5
241	1516	271	272	42	94	1
242	1517	273	274	35	188	1
243	1518	275	276	37	188	1
244	1519	272	277	29	204	1
245	1520	278	279	60	612	3
246	1521	280	281	133	119	1
247	1522	282	283	42	0	0
248	1523	282	284	50	0	0
249	1524	275	279	256	188	1
250	1525	285	286	11	0	0
251	1526	272	282	71	0	0
252	1527	284	280	62	408	2
253	1528	280	275	165	612	2
254	1529	279	287	372	0	0
255	1530	288	272	23	0	0
256	1531	286	289	304	119	1
257	1532	290	287	73	0	0
258	1533	273	288	22	0	0
259	1534	285	273	42	0	0
260	1535	290	291	47	0	0
261	1537	292	290	75	0	0
262	1538	182	293	31	0	0
263	1539	293	285	21	0	0
264	1540	170	293	29	188	1
265	1542	294	295	55	0	0
266	1543	295	296	12	119	1
267	1567	297	298	168	953	6
268	1568	299	300	98	563	4
269	1569	301	299	5	0	0
270	1570	301	297	5	0	0
271	1664	302	303	309	1020	4
272	1666	304	305	53	376	2
273	1667	305	306	33	204	1
274	1668	305	307	342	4182	23
275	1680	308	309	220	188	1
276	1681	310	311	136	0	0
277	1682	312	313	11	0	0
278	1683	314	315	73	1344	8
279	1684	316	312	69	0	0
280	1685	316	308	47	0	0
281	1686	317	318	20	562	3
282	1687	319	317	15	986	6
283	1688	313	310	69	0	0
284	1689	313	320	57	476	4
285	1690	321	314	10	1105	6
286	1691	311	322	137	0	0
287	1692	322	323	30	0	0
288	1694	319	320	30	680	5
289	1695	308	324	106	876	7
290	1696	325	316	212	3715	19
291	1697	318	321	17	0	0
292	1701	326	327	73	1020	1
293	1702	328	329	27	0	0
294	1703	330	328	35	0	0
295	1704	327	330	47	0	0
296	1705	331	329	71	1114	5
297	1706	90	327	107	2856	4
298	1707	332	330	44	902	4
299	1708	329	53	73	520	3
300	1709	53	62	149	527	2
301	1713	333	334	214	94	1
302	1716	337	336	202	0	0
303	1717	336	334	651	94	1
304	1718	338	335	466	204	1
305	1719	339	337	19	0	0
306	1720	340	337	16	0	0
307	1792	341	342	60	1048	6
308	1824	343	344	58	282	2
309	1825	345	346	60	376	2
310	1826	347	192	7	0	0
311	1827	348	345	123	468	3
312	1828	344	349	207	681	4
313	1829	350	347	58	94	1
314	1830	346	344	79	94	1
315	1918	351	352	49	0	0
316	1919	353	351	175	656	4
317	1920	354	10	60	1124	6
318	1969	355	356	189	187	2
319	1970	357	358	97	0	0
320	1971	358	356	149	188	1
321	1972	359	348	154	0	0
322	1973	68	356	136	0	0
323	1974	68	303	117	0	0
324	1975	303	359	57	0	0
325	1976	360	357	151	188	1
326	2027	361	362	19	376	2
327	2028	363	364	22	188	1
328	2029	364	202	400	1591	10
329	2030	194	362	126	612	3
330	2031	365	366	743	0	0
331	2032	367	368	25	188	1
332	2033	369	370	97	5814	12
333	2034	371	372	215	94	1
334	2035	373	365	223	188	1
335	2036	374	375	269	0	0
336	2038	376	377	56	282	2
337	2039	368	378	135	94	1
338	2042	379	375	192	94	1
339	2043	380	381	86	188	1
340	2044	382	383	31	562	3
341	2045	384	385	22	0	0
342	2046	386	387	29	0	0
343	2047	388	389	74	0	0
344	2048	390	391	188	1140	6
345	2049	392	388	15	0	0
346	2051	394	374	161	0	0
347	2053	395	396	38	408	1
348	2054	383	397	332	0	0
349	2055	387	398	44	0	0
350	2056	396	390	285	0	0
351	2057	399	400	2	0	0
352	2058	401	395	335	0	0
353	2059	374	268	212	0	0
354	2060	402	398	115	374	2
355	2061	376	403	139	0	0
356	2062	402	400	171	493	3
357	2064	366	404	633	0	0
358	2068	405	370	163	0	0
359	2069	399	391	197	1030	6
360	2070	403	406	196	0	0
361	2071	307	371	140	656	4
362	2072	185	392	68	188	1
363	2074	389	376	83	94	1
364	2076	386	407	55	0	0
365	2077	122	370	148	0	0
366	2079	404	394	359	0	0
367	2080	406	366	41	0	0
368	2082	405	307	50	936	5
369	2083	268	393	384	0	0
370	2085	383	122	512	1030	6
371	2088	403	380	14	0	0
372	2090	408	185	132	469	4
373	2091	368	409	47	0	0
374	2094	406	409	98	0	0
375	2095	380	409	102	0	0
376	2096	120	117	69	0	0
377	2101	348	408	63	0	0
378	2102	410	411	52	188	1
379	2103	412	413	91	94	1
380	2104	414	415	102	1217	8
381	2105	416	187	120	953	4
382	2106	410	417	7	0	0
383	2107	418	419	81	928	4
384	2108	420	414	304	5441	29
385	2109	421	422	378	2034	9
386	2110	422	423	76	94	1
387	2111	423	418	96	664	4
388	2112	424	425	23	188	1
389	2113	426	427	167	783	4
390	2114	426	415	39	376	2
391	2115	413	415	8	0	0
392	2116	186	417	58	0	0
393	2117	428	426	192	731	4
394	2118	425	410	114	0	0
395	2119	419	429	159	282	2
396	2120	413	419	85	0	0
397	2121	417	422	142	94	1
398	2122	201	414	495	1309	8
399	2123	430	423	53	749	5
400	2124	431	425	145	119	1
401	2125	432	433	20	1258	4
402	2126	433	195	323	0	0
403	2134	434	435	267	1369	9
404	2141	436	437	86	545	3
405	2251	439	440	133	596	3
406	2280	441	442	114	843	6
407	2281	443	395	135	1174	6
408	2282	444	445	81	188	1
409	2283	446	447	41	323	2
410	2284	447	32	174	0	0
411	2285	445	448	10	0	0
412	2287	447	445	49	357	2
413	2288	448	449	21	0	0
414	2289	449	225	79	238	2
415	2293	450	451	218	1506	10
416	2294	451	452	109	612	3
417	2295	296	451	75	0	0
418	2323	453	454	205	969	8
419	2324	455	456	7	0	0
420	2325	456	385	18	94	1
421	2326	457	458	73	187	2
422	2327	459	283	79	187	2
423	2328	460	283	8	0	0
424	2329	461	455	85	282	2
425	2330	455	460	26	0	0
426	2331	283	284	30	0	0
427	2332	458	461	50	0	0
428	2333	389	458	5	0	0
429	2334	462	463	45	1020	1
430	2338	464	465	47	408	1
431	2339	466	467	109	204	1
432	2346	468	469	685	0	0
433	2347	470	471	104	357	2
434	2348	463	465	129	0	0
435	2353	471	469	299	94	1
436	2355	471	467	26	0	0
437	2372	472	473	27	94	1
438	2373	56	473	42	0	0
439	2374	473	474	95	298	2
440	2375	474	475	112	0	0
441	2376	475	476	329	94	1
442	2381	477	478	20	188	1
443	2384	479	480	81	408	2
444	2385	478	481	41	0	0
445	2388	482	483	350	0	0
446	2389	484	483	33	0	0
447	2390	482	136	27	0	0
448	2393	481	136	306	0	0
449	2394	485	481	568	0	0
450	2471	486	487	159	374	2
451	2472	488	489	83	0	0
452	2473	490	488	48	188	1
453	2474	491	352	77	0	0
454	2480	492	493	103	188	1
455	2483	492	491	15	0	0
456	2485	352	494	9	0	0
457	2488	493	495	73	282	2
458	2489	489	493	78	0	0
459	2559	496	497	26	188	1
460	2560	498	497	69	426	2
461	2561	497	499	82	0	0
462	2562	500	501	33	204	1
463	2563	502	503	74	94	1
464	2565	504	505	39	204	1
465	2567	506	507	70	408	1
466	2568	508	504	51	0	0
467	2569	504	509	51	0	0
468	2570	510	511	9	0	0
469	2571	512	508	10	0	0
470	2572	513	514	86	715	4
471	2575	507	509	908	0	0
472	2576	510	513	11	0	0
473	2577	503	512	30	0	0
474	2578	516	514	42	94	1
475	2579	511	503	49	213	2
476	2580	517	508	258	408	1
477	2581	501	511	30	0	0
478	2593	519	520	68	204	1
479	2596	521	522	58	94	1
480	2597	519	523	2	0	0
481	2598	524	525	53	706	3
482	2599	525	526	82	204	1
483	2600	527	528	12	0	0
484	2601	529	521	12	0	0
485	2602	521	519	84	188	1
486	2603	523	530	64	213	2
487	2604	528	128	86	859	6
488	2605	524	531	25	0	0
489	2606	128	529	129	561	4
490	2607	526	527	51	417	3
491	2608	529	532	71	595	4
492	2626	241	533	168	0	0
493	2629	534	533	64	94	1
494	2674	535	536	143	2696	9
495	2675	537	535	45	119	1
496	2676	538	535	66	748	4
497	2680	539	540	28	204	1
498	2681	541	539	47	0	0
499	2682	542	541	59	0	0
500	2683	543	544	57	298	2
501	2684	542	543	77	595	4
502	2685	540	542	45	0	0
503	2686	545	540	125	1207	6
504	2687	546	543	98	391	3
505	2688	547	548	115	894	5
506	2689	549	550	18	0	0
507	2690	549	551	5	0	0
508	2691	550	548	153	375	3
509	2692	551	552	148	468	3
510	2789	553	554	48	1190	8
511	2790	555	556	36	0	0
512	2793	557	558	83	630	4
513	2794	559	560	40	298	2
514	2795	560	557	28	0	0
515	2796	561	555	18	188	1
516	2797	558	562	29	0	0
517	2798	553	563	126	1836	7
518	2799	564	559	44	0	0
519	2800	553	556	77	0	0
520	2802	565	556	45	2040	4
521	2803	562	561	14	0	0
522	2804	559	566	114	0	0
523	2805	567	568	65	188	1
524	2806	569	570	66	782	3
525	2807	568	571	49	740	3
526	2808	572	567	201	1922	12
527	2809	573	570	81	486	3
528	2810	572	573	146	0	0
529	2812	574	572	60	0	0
530	2813	575	573	29	0	0
531	2814	567	576	145	1157	6
532	2815	574	577	293	188	1
533	2816	570	568	119	988	5
534	2817	578	575	54	307	2
535	2818	560	564	302	2109	12
536	2819	579	580	132	1557	9
537	2820	579	562	102	596	3
538	2821	557	580	74	1088	6
539	2823	581	582	166	188	1
540	2824	583	584	105	282	2
541	2825	585	491	81	910	3
542	2826	586	581	26	0	0
543	2827	581	585	11	0	0
544	2828	587	536	98	0	0
545	2829	588	587	92	800	4
546	2830	586	536	227	782	3
547	2831	586	583	12	0	0
548	2832	492	583	56	0	0
549	2833	210	587	124	238	1
550	2881	198	589	130	1405	9
551	2882	590	589	154	1106	7
552	2883	591	589	98	562	3
553	2889	592	593	149	562	3
554	2890	208	592	69	188	1
555	2891	594	595	155	204	1
556	2892	596	597	143	204	1
557	2893	598	599	112	119	1
558	2894	600	601	40	204	1
559	2896	602	603	133	408	1
560	2898	601	604	12	0	0
561	2899	605	606	877	94	1
562	2900	607	594	11	0	0
563	2903	609	610	18	238	1
564	2904	597	599	17	204	1
565	2905	611	612	27	0	0
566	2906	440	613	85	799	4
567	2908	615	440	76	800	4
568	2910	544	615	35	94	1
569	2911	614	616	36	307	2
570	2912	607	617	18	0	0
571	2913	617	597	86	494	4
572	2914	611	609	223	375	3
573	2915	599	544	51	204	1
574	2916	616	607	74	800	3
575	2917	612	618	77	0	0
576	2918	605	616	83	0	0
577	2920	604	619	24	94	1
578	2921	619	614	90	0	0
579	2925	620	604	45	0	0
580	2926	608	603	1094	0	0
581	2927	621	617	116	204	1
582	2928	622	623	56	374	2
583	2929	624	625	70	188	1
584	2930	623	624	145	1530	7
585	2931	624	359	61	0	0
586	2932	626	623	81	936	5
587	2933	302	627	172	936	5
588	2934	627	76	210	562	3
589	2935	628	627	59	188	1
590	2951	629	630	19	784	3
591	2952	631	632	79	1862	8
592	2953	633	634	114	562	3
593	2954	632	635	31	0	0
594	2955	635	636	126	809	4
595	2956	637	630	35	0	0
596	2957	638	633	93	799	5
597	2958	635	633	45	94	1
598	2959	630	632	65	0	0
599	2983	639	640	67	94	1
600	2984	641	642	22	408	1
601	2985	639	643	67	0	0
602	2986	644	645	64	306	3
603	2987	645	639	22	94	1
604	2988	643	642	45	204	1
605	2989	646	645	54	282	2
606	2990	642	647	41	0	0
607	3012	648	577	163	417	3
608	3013	649	650	305	0	0
609	3014	650	651	178	1701	9
610	3015	652	653	386	3400	19
611	3016	654	652	89	417	3
612	3017	651	655	157	3520	20
613	3018	656	654	356	842	7
614	3019	656	577	273	408	2
615	3020	655	653	42	408	1
616	3021	650	657	75	401	3
617	3123	658	659	83	188	1
618	3124	660	661	66	935	3
619	3125	662	658	28	0	0
620	3126	662	407	41	0	0
621	3127	663	664	2	0	0
622	3128	665	666	20	0	0
623	3129	664	667	39	391	3
624	3130	668	669	41	374	2
625	3131	549	663	99	0	0
626	3132	666	670	88	0	0
627	3133	407	671	28	0	0
628	3134	670	668	50	323	2
629	3135	658	665	64	0	0
630	3136	301	549	124	1208	6
631	3137	257	660	27	0	0
632	3138	660	671	29	0	0
633	3139	671	386	26	0	0
634	3140	667	672	43	282	2
635	3141	672	673	27	204	1
636	3142	674	301	168	1488	9
637	3144	673	257	8	0	0
638	3214	675	676	85	970	4
639	3215	677	18	58	282	2
640	3216	18	678	17	0	0
641	3217	679	680	104	408	1
642	3218	678	676	71	307	2
643	3219	681	680	133	843	6
644	3220	682	681	12	0	0
645	3221	683	684	90	935	6
646	3222	685	686	26	94	1
647	3223	687	679	88	765	3
648	3224	688	678	34	800	4
649	3225	689	690	52	0	0
650	3226	691	682	112	596	3
651	3227	686	684	22	0	0
652	3228	692	679	92	332	2
653	3229	676	692	10	0	0
654	3230	693	677	35	469	4
655	3231	690	691	3	0	0
656	3232	684	677	48	0	0
657	3238	694	695	134	188	1
658	3239	695	696	91	374	2
659	3240	697	694	4	0	0
660	3241	698	699	134	213	2
661	3242	115	404	62	0	0
662	3244	694	696	134	374	2
663	3245	700	697	26	0	0
664	3246	696	698	101	1004	3
665	3247	701	698	114	282	2
666	3248	115	700	96	0	0
667	3249	702	703	156	894	5
668	3304	704	705	305	2952	18
669	3306	706	707	47	187	2
670	3307	707	651	31	0	0
671	3308	708	707	250	1309	6
672	3313	709	296	198	2042	12
673	3337	692	680	431	1464	8
674	3369	254	710	35	0	0
675	3370	710	711	156	468	3
676	3371	247	712	174	188	1
677	3372	711	713	84	282	2
678	3373	714	253	189	282	2
679	3374	715	714	31	0	0
680	3375	716	717	111	357	2
681	3376	717	637	38	0	0
682	3377	717	96	286	511	3
683	3402	718	719	68	502	2
684	3403	720	718	69	706	4
685	3404	721	718	76	468	3
686	3447	102	722	235	1573	9
687	3476	723	724	39	1836	4
688	3477	725	726	42	204	1
689	3478	727	726	32	0	0
690	3479	728	149	31	698	5
691	3480	724	727	153	0	0
692	3481	729	727	225	0	0
693	3482	724	730	59	0	0
694	3483	730	728	61	0	0
695	3484	731	730	58	187	2
696	3494	732	733	24	119	1
697	3496	734	735	60	323	2
698	3497	736	733	196	119	1
699	3498	737	738	9	0	0
700	3499	739	734	155	1547	10
701	3500	740	339	66	94	1
702	3501	738	740	81	1114	2
703	3502	733	741	148	605	4
704	3503	739	728	65	486	3
705	3504	339	340	21	0	0
706	3505	741	340	90	298	2
707	3506	735	737	21	119	1
708	3507	742	739	40	238	1
709	3508	250	743	130	282	2
710	3509	744	745	22	204	1
711	3514	746	747	264	188	1
712	3520	745	747	168	188	1
713	3561	749	750	95	782	6
714	3584	751	752	61	656	4
715	3585	753	752	105	94	1
716	3586	752	754	107	1309	8
717	3597	755	756	65	188	1
718	3598	756	757	67	0	0
719	3599	758	759	61	816	2
720	3600	760	761	90	204	1
721	3601	762	763	39	188	1
722	3602	764	765	137	188	1
723	3603	766	758	14	374	2
724	3604	764	757	89	0	0
725	3605	758	757	153	0	0
726	3606	761	767	58	94	1
727	3607	763	766	38	0	0
728	3608	764	761	129	0	0
729	3642	768	769	48	0	0
730	3643	770	771	28	188	1
731	3644	772	773	81	323	2
732	3645	774	775	122	340	1
733	3650	566	773	23	213	2
734	3651	776	777	21	0	0
735	3652	773	778	22	0	0
736	3653	775	779	119	1548	9
737	3654	780	566	64	656	4
738	3655	781	646	55	1395	7
739	3656	782	769	33	94	1
740	3657	783	775	95	1616	6
741	3658	778	776	18	187	2
742	3659	769	784	27	596	2
743	3660	646	644	13	0	0
744	3661	644	785	30	298	2
745	3662	786	780	46	204	1
746	3663	779	787	56	298	2
747	3664	781	784	42	527	3
748	3665	785	771	4	0	0
749	3666	777	783	42	527	3
750	3667	788	782	72	94	1
751	3668	771	789	34	298	2
752	3669	790	788	26	0	0
753	3670	577	786	72	0	0
754	3671	789	787	5	0	0
755	3673	791	792	98	0	0
756	3675	793	768	10	0	0
757	3676	781	793	32	612	2
758	3680	794	795	66	816	5
759	3711	796	100	278	1846	10
760	3732	682	797	235	1462	10
761	3733	798	360	66	562	3
762	3791	799	800	51	119	1
763	3797	802	803	105	469	4
764	3805	804	805	76	902	4
765	3821	806	807	105	986	6
766	3826	669	342	78	782	3
767	3829	808	809	114	476	3
768	3830	807	808	100	1488	7
769	3835	806	342	290	2500	12
770	3848	810	811	333	188	1
771	3849	812	813	312	204	1
772	3850	813	814	426	0	0
773	3851	813	811	292	0	0
774	3852	815	816	41	0	0
775	3853	811	817	131	0	0
776	3854	815	818	68	188	1
777	3855	819	817	318	0	0
778	3857	820	818	417	417	3
779	3858	814	821	313	469	4
780	3859	820	817	49	0	0
781	3886	822	823	88	800	4
782	3887	824	825	128	434	2
783	3888	823	825	354	1114	5
784	3889	826	825	346	561	4
785	3890	823	827	115	816	2
786	3897	828	829	23	94	1
787	3898	747	830	206	0	0
788	3901	831	828	219	0	0
789	3902	830	831	37	213	2
790	3918	832	833	19	204	1
791	3919	834	833	284	0	0
792	3920	835	210	3	0	0
793	3921	836	835	167	612	2
794	3922	837	612	17	0	0
795	3923	838	839	39	0	0
796	3924	838	840	80	0	0
797	3925	841	840	77	0	0
798	3926	842	841	67	689	4
799	3927	843	839	40	375	3
800	3928	837	611	25	0	0
801	3929	844	840	40	1072	4
802	3930	845	841	71	0	0
803	3931	846	845	112	238	1
804	3932	847	845	42	425	3
805	3933	839	837	175	119	1
806	3936	848	849	115	655	5
807	3937	665	850	148	801	5
808	3942	851	852	38	188	1
809	3943	853	854	77	605	4
810	3944	852	855	126	0	0
811	3945	856	834	155	953	5
812	3946	854	157	34	0	0
813	3947	857	858	29	0	0
814	3948	859	858	53	187	2
815	3949	860	861	162	94	1
816	3950	853	862	35	740	3
817	3951	852	863	405	0	0
818	3952	855	834	527	119	1
819	3953	862	859	37	282	2
820	3954	157	856	22	0	0
821	3955	861	857	173	306	3
822	3956	864	853	138	782	3
823	3957	154	861	219	0	0
824	3958	865	866	183	656	4
825	3959	867	865	156	731	4
826	3960	866	868	23	188	1
827	4036	869	870	164	1641	10
828	4037	869	871	115	782	3
829	4044	872	873	41	375	3
830	4045	874	875	41	1072	4
831	4046	875	876	186	1439	8
832	4047	877	873	99	401	3
833	4048	873	193	166	562	3
834	4049	875	191	40	0	0
835	4063	878	879	15	2380	10
836	4065	880	881	98	3332	14
837	4066	882	883	111	188	1
838	4069	884	885	106	94	1
839	4070	886	887	28	0	0
840	4072	888	880	18	3060	3
841	4073	889	890	45	188	1
842	4074	891	889	71	188	1
843	4075	887	878	6	0	0
844	4076	879	887	28	0	0
845	4078	892	893	10	0	0
846	4079	894	892	58	408	1
847	4080	895	896	1146	188	1
848	4081	897	898	120	204	1
849	4082	887	899	129	4080	4
850	4083	900	883	426	94	1
851	4084	901	902	8	0	0
852	4085	903	904	104	0	0
853	4086	905	906	171	374	2
854	4087	907	908	139	298	2
855	4088	908	909	402	587	4
856	4089	886	902	71	0	0
857	4090	893	903	41	0	0
858	4091	69	901	27	0	0
859	4092	149	905	951	0	0
860	4093	910	904	68	417	3
861	4094	69	911	117	724	4
862	4095	912	453	46	0	0
863	4096	906	907	144	204	1
864	4097	911	893	33	0	0
865	4099	886	779	83	204	1
866	4100	453	910	61	0	0
867	4101	909	913	246	119	1
868	4102	913	912	36	0	0
869	4103	914	912	41	0	0
870	4104	901	915	83	0	0
871	4106	916	904	15	0	0
872	4107	917	916	34	2347	6
873	4109	789	899	132	0	0
874	4111	885	910	53	0	0
875	4112	914	883	110	0	0
876	4113	907	897	24	0	0
877	4117	889	885	81	0	0
878	4118	915	881	35	1190	5
879	4119	913	914	17	0	0
880	4120	918	919	13	690	3
881	4121	920	921	285	2510	15
882	4122	922	923	186	1684	9
883	4125	924	925	1553	0	0
884	4138	926	920	48	188	1
885	4139	669	927	109	782	3
886	4141	928	929	86	282	2
887	4144	930	929	152	1234	7
888	4145	920	931	95	749	5
889	4148	932	928	17	0	0
890	4149	931	704	82	188	1
891	4151	927	926	32	0	0
892	4156	704	932	75	690	3
893	4183	933	405	172	1718	6
894	4230	934	935	172	375	3
895	4350	637	936	171	1897	9
896	4351	95	637	288	674	4
897	4398	523	937	53	204	1
898	4399	937	821	43	392	2
899	4404	103	633	295	1233	5
900	4406	938	939	91	376	2
901	4407	104	940	168	187	2
902	4408	941	942	67	468	3
903	4409	943	940	61	520	3
904	4410	939	485	257	0	0
905	4411	942	634	73	188	1
906	4412	634	938	23	0	0
907	4413	940	942	59	0	0
908	4414	944	939	102	978	4
909	4415	945	938	76	426	2
910	4419	921	946	136	374	2
911	4420	921	931	212	2203	14
912	4443	947	948	167	0	0
913	4444	949	950	403	188	1
914	4445	951	947	722	0	0
915	4447	952	953	20	119	1
916	4449	954	955	35	4488	6
917	4450	956	957	47	1114	6
918	4451	958	959	21	94	1
919	4452	959	960	85	0	0
920	4453	954	958	400	0	0
921	4454	955	957	73	0	0
922	4456	816	956	28	0	0
923	4457	961	962	65	0	0
924	4458	963	816	50	204	1
925	4459	964	965	292	0	0
926	4460	966	967	209	426	2
927	4461	968	969	376	0	0
928	4462	948	970	4	0	0
929	4463	968	971	219	0	0
930	4464	970	964	33	0	0
931	4465	972	969	384	0	0
932	4466	148	952	206	94	1
933	4467	34	961	496	0	0
934	4468	971	973	167	0	0
935	4470	34	974	615	0	0
936	4472	965	974	339	0	0
937	4473	966	963	73	0	0
938	4474	975	966	173	0	0
939	4477	950	962	701	0	0
940	4480	952	972	137	0	0
941	4481	950	975	329	0	0
942	4490	976	977	48	188	1
943	4492	978	979	74	306	3
944	4493	980	981	80	94	1
945	4494	982	983	64	408	1
946	4497	984	985	34	417	3
947	4498	986	976	22	0	0
948	4499	987	988	188	94	1
949	4500	989	984	49	408	1
950	4501	990	991	84	408	1
951	4505	689	979	181	0	0
952	4507	993	994	50	0	0
953	4508	924	995	112	0	0
954	4509	996	988	400	0	0
955	4510	992	997	90	0	0
956	4513	998	689	152	94	1
957	4517	999	674	5	0	0
958	4521	803	159	50	612	2
959	4522	1000	993	21	0	0
960	4524	130	986	42	0	0
961	4528	983	996	506	0	0
962	4529	1001	1002	269	0	0
963	4531	994	130	85	731	4
964	4533	989	821	247	612	3
965	4537	1003	1000	153	800	3
966	4538	1004	999	155	375	3
967	4539	995	1001	33	94	1
968	4542	1002	1005	217	16354	17
969	4543	924	1006	48	187	2
970	4544	1007	1008	20	119	1
971	4551	1005	803	19	0	0
972	4553	530	821	106	816	4
973	4554	997	989	44	0	0
974	4555	1006	1004	833	0	0
975	4556	979	1009	25	0	0
976	4557	998	159	146	766	4
977	4558	991	988	316	0	0
978	4559	801	1003	545	0	0
979	4560	1008	1010	421	0	0
980	4561	1010	801	166	0	0
981	4562	960	1009	167	323	2
982	4563	986	530	52	204	1
983	4565	1011	1009	58	307	2
984	4566	1001	1012	65	2040	2
985	4567	959	1007	74	0	0
986	4569	1012	1013	137	0	0
987	4570	109	1014	361	876	4
988	4573	1015	1016	81	0	0
989	4574	1017	1015	93	298	2
990	4578	1016	1019	72	187	2
991	4579	1020	1018	35	680	1
992	4580	1019	1020	35	0	0
993	4581	1021	1017	326	0	0
994	4602	1022	763	213	750	4
995	4613	1023	1024	29	213	2
996	4614	1025	1026	281	187	2
997	4615	1027	1028	65	204	1
998	4616	1029	1030	41	94	1
999	4617	1024	42	124	0	0
1000	4618	1031	1030	606	0	0
1001	4619	1032	1033	27	204	1
1002	4620	1034	1028	62	0	0
1003	4622	1035	1036	35	187	2
1004	4623	1037	1038	124	400	4
1005	4624	1036	1034	152	0	0
1006	4625	1038	1039	139	0	0
1007	4626	1033	1024	343	238	2
1008	4627	1028	1040	111	0	0
1009	4628	42	1037	18	401	3
1010	4629	1040	1041	189	213	2
1011	4630	1041	1032	158	0	0
1012	4631	1042	1030	404	119	1
1013	4632	1042	790	91	0	0
1014	4633	1031	1035	166	238	1
1015	4634	1033	1025	36	0	0
1016	4635	1043	1034	551	612	2
1017	4636	1044	1045	250	188	1
1018	4637	1046	1047	246	94	1
1019	4638	1047	1048	436	0	0
1020	4639	1045	1049	410	0	0
1021	4640	1048	1045	319	0	0
1022	4641	1049	1050	49	204	1
1023	4642	1051	1048	337	0	0
1024	4643	858	1051	217	791	5
1025	4680	1052	1053	168	614	3
1026	4681	1054	390	139	0	0
1027	4682	1053	547	231	748	4
1028	4683	1054	1053	148	468	3
1029	4702	1055	980	46	0	0
1030	4703	1056	1057	246	706	4
1031	4704	980	1058	33	0	0
1032	4705	822	681	117	876	4
1033	4706	1059	1060	86	767	5
1034	4707	1010	1055	434	0	0
1035	4708	1060	1056	14	0	0
1036	4709	1060	822	166	1318	7
1037	4710	1058	1057	71	0	0
1038	4711	1061	1062	106	204	1
1039	4713	322	1063	50	0	0
1040	4714	1064	1065	5	0	0
1041	4716	1066	311	219	0	0
1042	4717	1067	1064	182	476	2
1043	4718	323	1068	31	188	1
1044	4719	1066	1042	43	188	1
1045	4720	1069	1070	274	204	1
1046	4721	1068	1063	12	0	0
1047	4722	1063	1066	91	188	1
1048	4723	1065	1071	390	0	0
1049	4724	323	1072	47	0	0
1050	4725	1065	1073	304	0	0
1051	4726	1062	1074	83	0	0
1052	4727	1071	1075	180	1224	2
1053	4728	1073	1070	141	434	2
1054	4729	1076	1069	19	0	0
1055	4730	1076	1072	27	2040	4
1056	4731	1075	1062	122	0	0
1057	4818	929	1077	192	1751	9
1058	4819	249	850	97	408	2
1059	4820	674	1078	4	0	0
1060	4821	442	927	94	1428	5
1061	4822	252	1079	109	570	3
1062	4823	552	1079	72	0	0
1063	4824	1080	258	88	94	1
1064	4825	1079	1080	76	0	0
1065	4826	850	442	140	1590	9
1066	4827	1078	300	205	1004	5
1067	4865	91	1081	320	1735	10
1068	4905	137	1082	11	0	0
1069	4906	1083	137	45	391	3
1070	4907	485	1084	94	459	2
1071	4908	1084	1083	748	298	2
1072	4909	1083	1085	154	392	2
1073	4922	1086	396	316	2457	14
1074	4960	715	1087	144	188	1
1075	4961	715	1004	244	94	1
1076	5031	1088	206	55	94	1
1077	5060	1014	1089	9	0	0
1078	5061	1089	1090	41	282	2
1079	5062	1089	108	311	400	4
1080	5068	1091	483	52	0	0
1081	5069	1092	1093	125	1488	8
1082	5070	484	1094	286	94	1
1083	5071	1095	1096	44	612	2
1084	5072	1093	1095	41	0	0
1085	5073	484	1091	53	0	0
1086	5074	1091	1097	19	0	0
1087	5075	649	1092	340	536	3
1088	5076	1096	1094	77	0	0
1089	5083	548	298	114	800	4
1090	5084	548	1098	102	0	0
1091	5085	1098	402	56	850	4
1092	5086	298	1099	8	0	0
1093	5125	1056	1100	99	374	2
1094	5156	1101	197	122	1064	5
1095	5157	865	1102	157	657	5
1096	5158	1103	1104	136	1242	8
1097	5159	94	720	80	0	0
1098	5160	89	720	398	1981	11
1099	5161	1105	1106	275	332	2
1100	5167	951	1107	59	94	1
1101	5169	1108	1109	581	502	2
1102	5171	1110	1111	311	188	1
1103	5172	1112	1113	393	119	1
1104	5173	1114	643	135	0	0
1105	5174	1115	1116	177	188	1
1106	5175	1117	1118	23	204	1
1107	5176	1119	1120	715	188	1
1108	5177	1121	1122	79	374	2
1109	5179	647	1123	32	0	0
1110	5180	1124	1111	34	187	2
1111	5181	1125	1124	36	0	0
1112	5182	1126	1112	393	0	0
1113	5183	1127	1126	41	392	2
1114	5184	1128	1129	7	0	0
1115	5185	1130	792	60	0	0
1116	5186	647	792	108	0	0
1117	5187	1131	225	89	0	0
1118	5188	1132	1133	24	0	0
1119	5189	1112	1116	247	0	0
1120	5190	1111	1134	193	94	1
1121	5191	1134	1135	215	0	0
1122	5192	1129	1136	84	486	3
1123	5193	1133	1131	148	282	2
1124	5194	790	1130	24	0	0
1125	5195	1130	788	19	0	0
1126	5196	1137	1128	69	204	1
1127	5197	1117	1120	184	0	0
1128	5198	1135	1138	71	392	2
1129	5199	1138	1117	149	0	0
1130	5200	1116	1132	500	1105	7
1131	5201	1114	1137	61	0	0
1132	5202	1136	1125	14	0	0
1133	5203	1120	1127	313	0	0
1134	5204	1123	1114	26	94	1
1135	5205	1128	1139	35	187	2
1136	5207	1108	1133	233	0	0
1137	5210	1140	1141	349	408	1
1138	5214	268	1143	5	0	0
1139	5215	1144	1145	27	0	0
1140	5216	1146	1147	45	0	0
1141	5218	1148	121	860	0	0
1142	5219	1149	1141	257	0	0
1143	5220	1145	1150	23	0	0
1144	5221	1151	1152	170	0	0
1145	5222	1153	1154	49	595	4
1146	5223	1155	1156	967	0	0
1147	5224	1157	1142	53	740	5
1148	5226	1156	1158	623	204	1
1149	5227	1151	1143	715	94	1
1150	5228	1159	1158	26	0	0
1151	5229	1160	1161	518	391	3
1152	5230	1162	1149	60	94	1
1153	5231	1152	1147	44	0	0
1154	5232	1154	1163	52	94	1
1155	5233	1146	1148	39	0	0
1156	5234	1163	1157	19	0	0
1157	5235	1152	1146	55	0	0
1158	5236	1164	1155	36	0	0
1159	5238	1164	1145	123	0	0
1160	5239	1141	1166	404	0	0
1161	5240	393	1161	3	0	0
1162	5242	1148	1162	120	0	0
1163	5243	1147	1153	25	0	0
1164	5244	1166	1156	163	0	0
1165	5245	1160	1151	365	0	0
1166	5247	1167	1168	54	188	1
1167	5248	1169	1170	39	408	1
1168	5249	310	1168	163	0	0
1169	5250	1170	1168	285	0	0
1170	5251	1171	1172	23	187	2
1171	5252	1172	1173	25	281	3
1172	5253	312	1171	66	1097	7
1173	5340	1174	1175	188	94	1
1174	5341	1013	869	117	94	1
1175	5342	1175	1012	95	0	0
1176	5343	1175	1013	182	468	3
1177	5355	1176	690	152	1734	11
1178	5356	1177	1178	39	0	0
1179	5357	1179	1180	136	282	2
1180	5358	1074	1178	245	0	0
1181	5359	1180	1181	102	0	0
1182	5360	1181	1177	170	884	2
1183	5361	1178	1182	559	0	0
1184	5362	1183	1184	87	188	1
1185	5363	1185	1186	46	94	1
1186	5364	1187	1188	39	204	1
1187	5365	1184	1189	49	0	0
1188	5366	1190	1191	24	188	1
1189	5367	1192	1193	431	0	0
1190	5368	1194	1195	31	188	1
1191	5369	1193	1196	18	0	0
1192	5370	1197	1198	54	188	1
1193	5371	1199	1200	112	204	1
1194	5372	1201	1192	21	204	1
1195	5374	1193	1202	13	0	0
1196	5375	1182	1191	101	0	0
1197	5376	1196	1203	196	1734	6
1198	5377	1186	1191	103	0	0
1199	5378	1204	1189	24	0	0
1200	5379	1198	1200	85	0	0
1201	5380	1189	1205	243	0	0
1202	5381	1206	1202	181	0	0
1203	5382	1200	1195	31	0	0
1204	5383	1188	1195	570	0	0
1205	5384	1202	1207	4	0	0
1206	5385	1188	1206	388	0	0
1207	5386	1205	1182	539	0	0
1208	5388	1207	1196	14	0	0
1209	5389	1186	1198	35	0	0
1210	5391	1206	1208	109	204	1
1211	5392	1209	1205	105	119	1
1212	5393	1074	1204	702	0	0
1213	5424	1210	1211	212	1343	8
1214	5511	1212	101	198	1616	5
1215	5558	1213	1214	273	1717	11
1216	5559	1215	1216	66	656	4
1217	5560	1215	190	92	708	4
1218	5561	1217	1214	104	282	2
1219	5562	1214	1215	218	3130	15
1220	5607	1218	1219	52	408	1
1221	5608	1220	67	100	307	2
1222	5609	67	1219	79	238	1
1223	5610	1219	358	226	1250	6
1224	5615	1	1221	120	706	4
1225	5616	1222	1223	135	1309	8
1226	5647	1224	928	267	3690	17
1227	5740	1225	1226	37	94	1
1228	5741	1227	1228	80	204	1
1229	5742	1229	1230	42	204	1
1230	5744	1226	1231	29	408	1
1231	5746	1232	1228	95	502	3
1232	5747	1231	1232	88	391	3
1233	5749	334	1229	1237	0	0
1234	5751	1229	1228	69	0	0
1235	5773	1233	1234	72	408	1
1236	5774	1235	1236	309	2601	15
1237	5775	1235	1237	125	486	3
1238	5776	1238	1239	298	2210	9
1239	5777	1240	1238	66	502	3
1240	5778	1238	993	61	187	2
1241	5785	1241	1242	28	0	0
1242	5786	1242	886	150	749	5
1243	5788	1244	1245	49	0	0
1244	5790	1243	1244	176	7962	14
1245	5792	1246	1245	14	0	0
1246	5793	1246	1241	22	0	0
1247	5794	1247	1241	100	910	5
1248	5795	783	1246	41	0	0
1249	5796	1247	902	120	1081	7
1250	5847	1248	1249	80	408	1
1251	5848	1249	204	63	425	3
1252	5849	1249	1250	94	188	1
1253	5872	1251	1252	128	204	1
1254	5876	1253	1254	115	476	3
1255	5878	1255	1256	197	408	1
1256	5881	1257	1258	18	188	1
1257	5882	1259	1257	226	94	1
1258	5883	1253	1260	307	1837	11
1259	5884	1261	1262	407	0	0
1260	5885	1256	1258	297	0	0
1261	5886	1256	1252	293	0	0
1262	5887	1252	245	103	0	0
1263	5888	1263	1253	46	94	1
1264	5889	1262	1259	45	476	2
1265	5890	1261	1263	301	281	3
1266	5908	1266	836	45	0	0
1267	5909	1264	1266	120	204	1
1268	5960	1267	1268	81	0	0
1269	5961	110	1267	6	0	0
1270	5962	1268	110	296	2423	13
1271	5963	1268	1269	771	4863	31
1272	6030	1270	1271	65	282	2
1273	6031	347	1272	59	94	1
1274	6033	1273	1274	134	562	3
1275	6034	1273	350	67	282	2
1276	6035	1275	1274	60	94	1
1277	6036	1270	1273	45	562	3
1278	6041	531	1276	66	468	3
1279	6090	1277	1278	48	561	4
1280	6091	524	1279	56	306	3
1281	6092	1277	1279	335	1224	7
1282	6093	992	1278	33	0	0
1283	6116	1280	1281	17	0	0
1284	6117	1282	1283	43	0	0
1285	6119	1284	1280	20	0	0
1286	6120	1280	1285	24	876	5
1287	6121	1285	1282	85	1343	5
1288	6127	207	1286	71	188	1
1289	6128	1286	592	115	1472	6
1290	6129	1286	1287	234	749	7
1291	6131	216	1288	86	0	0
1292	6132	449	1289	19	0	0
1293	6133	1290	1288	36	0	0
1294	6134	1290	1289	75	502	3
1295	6136	1288	1291	122	0	0
1296	6137	1289	448	16	0	0
1297	6139	1291	227	434	0	0
1298	6150	196	1292	47	451	3
1299	6165	1293	97	388	3299	18
1300	6166	1294	1293	144	187	2
1301	6167	1295	666	73	476	2
1302	6168	1296	1297	231	1320	6
1303	6169	1298	1297	224	0	0
1304	6170	394	1298	29	0	0
1305	6172	699	1296	110	0	0
1306	6173	1299	1300	7	0	0
1307	6174	1299	1301	22	282	2
1308	6175	1300	1302	465	714	5
1309	6201	1303	1080	145	706	4
1310	6202	663	1303	5	0	0
1311	6211	719	1304	142	1369	7
1312	6230	1305	1306	35	188	1
1313	6231	1307	1276	25	94	1
1314	6232	1306	1276	389	0	0
1315	6235	1308	357	178	562	3
1316	6237	1309	1150	643	0	0
1317	6239	998	1310	57	119	1
1318	6240	1150	1144	28	0	0
1319	6241	1310	1311	386	1540	12
1320	6242	1309	1312	297	0	0
1321	6243	1312	1311	120	94	1
1322	6244	1311	1313	81	188	1
1323	6261	1314	1315	29	119	1
1324	6263	1315	1316	6	0	0
1325	6266	1317	9	20	0	0
1326	6267	9	23	41	0	0
1327	6268	13	1318	111	119	1
1328	6270	1319	1320	45	187	2
1329	6271	1320	16	86	298	2
1330	6272	1316	703	154	0	0
1331	6274	1106	703	123	0	0
1332	6275	22	13	17	94	1
1333	6276	23	1319	32	0	0
1334	6278	1318	1106	314	0	0
1335	6281	16	22	55	374	2
1336	6282	1321	1316	81	94	1
1337	6285	14	15	76	0	0
1338	6286	1322	1320	47	391	3
1339	6418	197	1323	224	1269	8
1340	6421	1324	1325	20	0	0
1341	6422	1326	1327	336	94	1
1342	6424	1328	1324	92	1122	6
1343	6427	1329	1330	42	2040	2
1344	6428	1330	1327	232	0	0
1345	6438	1325	1144	245	0	0
1346	6448	1331	1332	173	187	2
1347	6449	1333	1334	34	0	0
1348	6450	1333	1335	113	596	3
1349	6451	1332	1336	262	0	0
1350	6452	1337	1338	92	714	4
1351	6453	1339	1337	13	0	0
1352	6454	1339	1340	18	298	2
1353	6455	1341	795	72	298	2
1354	6456	1340	795	24	0	0
1355	6457	1335	516	105	961	7
1356	6458	1342	516	66	187	2
1357	6460	1334	1342	9	0	0
1358	6461	1343	1334	22	0	0
1359	6462	1341	1343	25	408	2
1360	6463	1050	1335	196	204	1
1361	6464	1344	1342	49	1029	6
1362	6465	1331	1050	113	0	0
1363	6467	1345	1346	257	1531	8
1364	6468	86	1347	220	1343	7
1365	6469	1347	1346	56	0	0
1366	6470	1348	1349	137	0	0
1367	6471	1350	1348	30	392	2
1368	6472	1210	1346	150	188	1
1369	6473	1210	1350	266	0	0
1370	6474	1351	510	40	0	0
1371	6475	1349	1351	53	0	0
1372	6476	1352	1353	264	119	1
1373	6477	1354	1349	64	417	3
1374	6478	1351	518	65	468	3
1375	6479	1355	1356	93	188	1
1376	6480	1357	1358	549	0	0
1377	6481	1356	1358	42	0	0
1378	6482	1354	1359	12	0	0
1379	6484	1358	1361	7	0	0
1380	6485	1362	1359	12	0	0
1381	6486	1362	1354	12	0	0
1382	6487	1361	1362	387	0	0
1383	6488	1357	1363	249	612	2
1384	6490	1359	1360	25	0	0
1385	6491	1361	1360	410	0	0
1386	6492	1353	1356	61	0	0
1387	6493	1364	1357	225	1377	8
1388	6494	722	1365	66	94	1
1389	6495	796	79	240	1174	6
1390	6496	79	328	96	94	1
1391	6497	20	796	59	0	0
1392	6498	1365	20	127	0	0
1393	6499	1347	722	90	188	1
1394	6607	1366	468	72	0	0
1395	6608	1367	1366	16	204	1
1396	6609	1368	468	599	0	0
1397	6610	1369	1370	314	94	1
1398	6611	871	1102	36	0	0
1399	6612	437	1371	22	188	1
1400	6613	1371	1369	42	0	0
1401	6615	867	1372	24	0	0
1402	6616	1373	435	52	0	0
1403	6617	1374	1372	51	0	0
1404	6618	867	1102	4	0	0
1405	6619	1374	437	245	1269	8
1406	6620	1005	1373	110	188	1
1407	6621	1371	1368	431	767	5
1408	6622	1372	919	27	0	0
1409	6623	1369	1368	330	0	0
1410	6624	435	871	107	374	2
1411	6625	1373	1375	103	748	6
1412	6677	1376	92	231	1778	12
1413	6678	249	1377	84	323	2
1414	6679	499	74	111	94	1
1415	6680	74	931	118	187	2
1416	6681	1377	499	141	936	5
1417	6682	1378	1379	97	408	1
1418	6683	1380	1381	18	188	1
1419	6684	1381	1382	107	0	0
1420	6685	1379	1382	120	0	0
1421	6686	1217	1383	148	986	5
1422	6687	1248	1101	57	282	2
1423	6688	849	1217	69	188	1
1424	6689	156	860	189	187	2
1425	6690	1250	1248	26	0	0
1426	6691	205	1101	275	376	2
1427	6692	1382	849	352	0	0
1428	6693	1383	1250	77	715	3
1429	6694	156	1379	109	0	0
1430	6792	1384	1385	119	408	1
1431	6795	1387	1388	25	0	0
1432	6796	1389	1390	50	94	1
1433	6798	1392	1393	33	94	1
1434	6799	1394	1387	39	298	2
1435	6800	1391	1395	128	204	1
1436	6801	1396	1385	633	94	1
1437	6802	767	1397	39	213	2
1438	6803	1390	1398	125	0	0
1439	6804	1399	1400	134	0	0
1440	6805	863	1398	147	527	2
1441	6806	1401	736	181	0	0
1442	6807	767	1393	93	0	0
1443	6808	863	729	66	323	2
1444	6809	1388	736	808	0	0
1445	6812	1402	1403	62	0	0
1446	6813	1400	1396	45	374	2
1447	6814	1404	1405	26	204	1
1448	6815	1395	1386	119	0	0
1449	6816	935	1402	102	400	4
1450	6817	729	1404	4	0	0
1451	6818	1386	1385	132	0	0
1452	6819	1395	1388	379	0	0
1453	6820	289	494	539	94	1
1454	6821	1406	1401	260	204	1
1455	6822	1397	1390	142	0	0
1456	6824	494	935	138	502	3
1457	6827	183	289	102	0	0
1458	6829	1403	1393	38	0	0
1459	6830	649	1399	217	782	4
1460	6859	1407	719	69	0	0
1461	6860	1407	1223	76	282	2
1462	6861	1221	1408	63	188	1
1463	6862	1409	1408	91	468	3
1464	6864	1223	1104	40	0	0
1465	6865	1410	1411	75	986	5
1466	6866	1104	1411	34	0	0
1467	6867	88	1221	85	374	2
1468	6868	1411	59	259	204	1
1469	6869	1408	719	60	238	1
1470	6884	1412	1413	99	1343	7
1471	6885	1414	754	7	0	0
1472	6886	808	805	57	0	0
1473	6888	1415	1414	79	936	5
1474	6890	1224	705	110	0	0
1475	6892	805	1415	73	468	3
1476	6893	752	806	63	94	1
1477	6894	705	946	85	834	3
1478	6895	754	807	94	188	1
1479	6896	753	1413	130	561	4
1480	6899	1413	1414	40	0	0
1481	6902	946	753	49	0	0
1482	6903	1416	1365	152	1387	8
1483	6960	1419	1420	124	188	1
1484	6962	1421	1422	96	0	0
1485	6963	1423	1166	341	0	0
1486	6965	1424	1417	39	298	2
1487	6966	292	972	760	0	0
1488	6972	1424	1419	21	0	0
1489	6973	291	292	59	0	0
1490	6974	1425	1422	344	0	0
1491	6977	1418	1421	52	0	0
1492	6978	291	1425	540	0	0
1493	6983	1426	1403	153	842	5
1494	6984	766	1427	215	2347	10
1495	6985	1428	294	94	1870	13
1496	6996	1429	1430	28	188	1
1497	6997	1431	482	67	0	0
1498	6998	1283	1400	54	0	0
1499	6999	1432	1431	5	612	2
1500	7000	136	1432	60	0	0
1501	7001	1431	1430	327	94	1
1502	7002	1433	1281	43	0	0
1503	7003	1430	476	64	0	0
1504	7004	1281	1284	17	0	0
1505	7005	476	1434	105	392	2
1506	7008	57	1433	85	298	2
1507	7009	1284	515	7	0	0
1508	7010	1434	57	538	0	0
1509	7017	1435	1436	19	0	0
1510	7018	1435	1437	9	0	0
1511	7019	1437	974	689	0	0
1512	7020	1436	1420	228	0	0
1513	7022	1436	1437	14	0	0
1514	7076	1438	1439	68	0	0
1515	7078	1440	1441	120	986	4
1516	7079	1082	1301	80	596	3
1517	7080	1301	1442	3	0	0
1518	7081	1443	1444	11	0	0
1519	7082	1445	1446	70	204	2
1520	7083	1097	1447	369	375	3
1521	7084	1317	1445	4	0	0
1522	7085	1438	1443	40	877	5
1523	7086	1442	1438	40	0	0
1524	7087	1444	1448	42	374	2
1525	7088	1449	1440	20	282	2
1526	7089	1447	1449	24	0	0
1527	7090	1450	1082	50	816	2
1528	7092	1448	1317	210	3920	15
1529	7093	1441	1450	46	306	3
1530	7094	24	1446	43	0	0
1531	7096	1451	1452	58	119	1
1532	7098	1453	1454	92	94	1
1533	7099	1455	1456	64	119	1
1534	7102	1452	1456	17	0	0
1535	7103	1457	1094	838	0	0
1536	7104	1454	1452	408	188	1
1537	7106	1302	1454	90	0	0
1538	7107	1456	1317	38	188	1
1539	7108	1457	1302	57	188	1
1540	7110	1458	1459	131	188	1
1541	7111	1460	1461	70	188	1
1542	7112	1459	1461	247	0	0
1543	7113	244	1459	224	0	0
1544	7114	996	1461	514	0	0
1545	7117	1464	1465	547	0	0
1546	7118	1466	1467	182	0	0
1547	7119	1465	1467	137	0	0
1548	7120	1468	1469	301	0	0
1549	7121	1462	1464	141	0	0
1550	7122	1469	34	140	0	0
1551	7124	1165	1462	122	0	0
1552	7126	1465	1468	21	0	0
1553	7127	1463	1164	27	0	0
1554	7128	1463	1155	22	0	0
1555	7129	1470	1471	49	0	0
1556	7130	1471	700	26	0	0
1557	7131	697	1471	29	0	0
1558	7132	1470	1297	296	1718	10
1559	7140	300	255	215	655	5
1560	7141	1472	1407	143	1838	10
1561	7175	1054	1052	115	562	3
1562	7176	1473	691	168	1030	8
1563	7177	1474	1473	44	1038	4
1564	7178	1475	1473	42	928	4
1565	7209	1476	664	19	0	0
1566	7211	1476	1098	150	748	4
1567	7238	999	1477	4	0	0
1568	7239	400	547	87	332	2
1569	7240	1099	547	161	1813	10
1570	7241	1477	1099	241	2534	13
1571	7256	1478	1377	102	596	2
1572	7257	1479	1480	284	94	1
1573	7258	1481	1482	53	94	1
1574	7260	1483	1484	411	119	1
1575	7261	1485	1486	104	604	2
1576	7262	1021	1487	194	0	0
1577	7264	1482	1479	80	0	0
1578	7265	1486	1482	31	0	0
1579	7269	1479	1260	962	204	1
1580	7270	1484	1487	140	0	0
1581	7274	1021	1486	264	0	0
1582	7277	1488	1487	133	374	2
1583	7372	748	1489	74	451	3
1584	7373	1490	1491	15	0	0
1585	7374	1039	1203	69	0	0
1586	7375	135	545	49	119	1
1587	7376	1492	135	27	204	2
1588	7377	1490	1493	56	94	1
1589	7378	545	452	93	1038	8
1590	7379	1493	1203	17	0	0
1591	7380	1489	1494	78	307	2
1592	7381	1494	613	140	2321	10
1593	7382	1260	748	15	0	0
1594	7383	1491	1492	27	451	3
1595	7384	452	613	7	0	0
1596	7385	618	1495	206	2680	17
1597	7386	1496	1495	434	5111	27
1598	7388	1495	838	56	0	0
1599	7389	1497	1498	217	204	1
1600	7390	1499	1498	74	0	0
1601	7391	1500	1499	34	94	1
1602	7392	1501	1502	400	578	3
1603	7393	1503	242	144	306	3
1604	7394	1502	1503	170	0	0
1605	7395	1504	1501	53	0	0
1606	7396	814	1504	777	94	1
1607	7397	1498	1504	113	0	0
1608	7402	1085	12	257	408	2
1609	7403	1442	1439	28	0	0
1610	7404	1439	1505	57	94	1
1611	7405	1505	1085	54	332	2
1612	7433	1506	1507	98	94	1
1613	7436	1508	1509	41	119	1
1614	7437	1507	736	463	0	0
1615	7438	1336	1509	174	0	0
1616	7439	1508	1507	159	0	0
1617	7440	1336	1338	165	0	0
1618	7442	1510	1511	129	188	1
1619	7444	1512	1513	102	119	1
1620	7445	1514	1515	31	94	1
1621	7446	1516	1517	85	0	0
1622	7447	1518	1519	32	238	1
1623	7448	1511	1520	203	94	1
1624	7449	1521	1522	47	94	1
1625	7450	1523	1524	31	332	3
1626	7451	1524	1513	194	0	0
1627	7452	1525	1515	116	0	0
1628	7453	1237	1234	7	0	0
1629	7454	1526	1527	71	1224	4
1630	7455	1517	1039	30	0	0
1631	7456	1131	1523	275	282	2
1632	7457	1519	1526	286	0	0
1633	7458	1513	1525	140	0	0
1634	7459	1236	1516	87	0	0
1635	7460	1528	1236	91	442	2
1636	7461	1527	1522	367	0	0
1637	7462	1515	1519	508	0	0
1638	7463	1522	1528	45	0	0
1639	7464	1516	1237	11	0	0
1640	7465	1517	1234	47	0	0
1641	7466	1525	1529	77	0	0
1642	7467	1511	1529	375	94	1
1643	7714	1530	926	100	782	3
1644	7751	1531	1532	62	527	3
1645	7752	787	1531	75	612	2
1646	7753	1531	785	86	188	1
1647	7840	1533	932	64	408	1
1648	7864	1125	1534	395	0	0
1649	7888	58	46	43	0	0
1650	7905	1535	1536	16	0	0
1651	7918	1537	965	315	0	0
1652	7920	1538	1539	889	0	0
1653	7925	1129	1540	409	0	0
1654	7927	1541	1542	106	0	0
1655	7942	970	1541	49	0	0
1656	7955	1544	1418	36	0	0
1657	7961	1542	1537	22	0	0
1658	7967	799	1055	602	0	0
1659	7977	1329	1328	63	0	0
1660	7986	1541	964	45	0	0
1661	7991	1545	1539	29	0	0
1662	8011	1546	895	298	0	0
1663	8026	1547	971	195	0	0
1664	8046	274	288	33	0	0
1665	8055	133	1548	257	0	0
1666	8056	1549	1058	274	0	0
1667	8070	1245	777	64	0	0
1668	8088	1421	1544	26	0	0
1669	8095	375	1157	930	0	0
1670	8101	1158	1550	17	0	0
1671	8114	1551	1552	542	0	0
1672	8129	898	895	33	0	0
1673	8131	1534	900	552	0	0
1674	8134	1545	1425	350	0	0
1675	8147	896	1551	302	0	0
1676	8163	968	1546	633	0	0
1677	8165	1554	1555	215	0	0
1678	8170	984	997	51	0	0
1679	8195	1207	541	291	0	0
1680	8206	1291	220	168	0	0
1681	8207	1556	896	46	0	0
1682	8227	1544	1543	813	0	0
1683	8245	620	601	37	0	0
1684	8246	1192	1026	290	0	0
1685	8250	1557	365	294	0	0
1686	8278	1556	1546	537	0	0
1687	8294	1528	1548	48	0	0
1688	8297	1204	1184	39	0	0
1689	8313	520	127	67	0	0
1690	8329	1558	60	66	0	0
1691	8331	903	1540	288	0	0
1692	8335	961	1553	318	0	0
1693	8339	1548	1521	34	0	0
1694	8340	184	384	76	0	0
1695	8353	1122	1552	224	0	0
1696	8354	1547	973	146	0	0
1697	8358	1468	1467	363	0	0
1698	8373	1559	1466	12	0	0
1699	8374	1514	1529	68	0	0
1700	8392	1560	1555	148	0	0
1701	8402	1558	50	25	0	0
1702	8404	1242	1246	51	0	0
1703	8407	661	662	21	0	0
1704	8413	1551	947	489	0	0
1705	8428	686	1549	127	0	0
1706	8434	975	819	582	0	0
1707	8458	1538	1537	30	0	0
1708	8462	900	1552	736	0	0
1709	8478	1266	833	466	0	0
1710	8494	181	209	74	0	0
1711	8511	1534	1540	21	0	0
1712	8521	1554	1536	253	0	0
1713	8525	835	181	135	0	0
1714	8528	387	660	63	0	0
1715	8539	1538	1542	29	0	0
1716	8548	512	502	59	0	0
1717	8552	962	33	876	0	0
1718	8559	456	392	78	0	0
1719	8569	782	791	58	0	0
1720	8612	1536	1309	713	0	0
1721	8613	1559	1464	397	0	0
1722	8635	348	1561	429	0	0
1723	8649	1550	1423	202	0	0
1724	8654	1057	1549	338	0	0
1725	8665	1470	1298	229	0	0
1726	8672	1294	478	494	0	0
1727	8681	1560	1554	77	0	0
1728	8697	967	1535	664	0	0
1729	8708	1543	1557	270	0	0
1730	8716	925	1366	657	0	0
1731	8723	1469	1553	313	0	0
1732	8724	1476	550	102	0	0
1733	8729	1561	388	512	0	0
1734	8731	1313	1535	481	0	0
1735	8736	1558	61	8	0	0
1736	8739	1159	1550	29	0	0
1737	8747	726	1406	327	0	0
1738	8755	1343	509	235	0	0
1739	8793	36	44	115	0	0
1740	8806	1561	114	354	0	0
1741	8812	126	976	40	0	0
1742	8817	38	1043	899	0	0
1743	8829	384	460	37	0	0
1744	-5	1269	1267	1	0	0
1745	-6	1363	1364	1	0	0
1746	-8	29	28	288	0	0
1747	-9	226	239	493	0	0
1748	-10	243	242	252	0	0
1749	-11	335	336	221	0	0
1750	-12	393	397	359	0	0
1751	-14	401	371	628	0	0
1752	-15	123	397	235	0	0
1753	-16	463	467	100	0	0
1754	-17	485	480	114	0	0
1755	-18	188	486	336	0	0
1756	-20	486	489	47	0	0
1757	-21	507	515	561	0	0
1758	-22	518	501	57	0	0
1759	-24	1484	534	582	0	0
1760	-25	608	1483	1912	0	0
1761	-26	614	610	52	0	0
1762	-27	608	620	65	0	0
1763	-28	746	1446	149	0	0
1764	-29	748	749	54	0	0
1765	-30	791	768	20	0	0
1766	-31	801	799	528	0	0
1767	-33	892	1243	87	0	0
1768	-34	899	881	87	0	0
1769	-35	922	925	212	0	0
1770	-36	948	973	997	0	0
1771	-37	992	991	476	0	0
1772	-38	1007	960	143	0	0
1773	-40	1018	243	480	0	0
1774	-41	1134	1121	788	0	0
1775	-42	1142	1543	860	0	0
1776	-43	1165	1159	291	0	0
1777	-44	226	819	969	0	0
1778	-45	656	1228	265	0	0
1779	-46	401	1327	801	0	0
1780	-47	1329	1325	165	0	0
1781	-48	1360	514	73	0	0
1782	-49	1386	1391	108	0	0
1783	-51	1405	1406	178	0	0
1784	-56	1417	1418	764	0	0
1785	-60	1423	1420	700	0	0
1786	-61	1283	515	130	0	0
1787	-62	1165	1435	568	0	0
1788	-63	1462	1559	517	0	0
1789	-64	1463	1466	885	0	0
1790	-67	1422	1545	144	0	0
1791	-69	1539	969	1268	0	0
1792	-70	1370	685	735	0	0
1793	-74	1553	1560	881	0	0
1794	-75	923	714	1348	0	0
1795	-76	1557	287	1069	0	0
1796	-79	1556	1547	579	0	0
1797	-80	1466	1555	676	0	0
1798	-81	951	1121	867	0	0
1799	-84	436	1562	1	0	0
1800	5907	1563	1265	252	833	4
1801	-83	1264	1265	2	0	0
1802	2142	1562	438	384	2551	16
1803	-82	436	438	2	0	0
1804	-85	1264	1563	1	0	0
END
-----------------------------------------
InputUsedToGenerateTheGraph:
County:	Syddjurs
CenterNodeId:	4396
Radius:	8000
HouseTypes:	Normal	Summer	Apartment
NumberOfWasteFractions: 1
IntervalsForWasteFraction:	general	2.33333	3.5	7.0	14.0
-----------------------------------------


