ProblemType:	CARP
NumberNodes:	268
NumberEdges:	305
DepotNodeNumber:	30
NumberOfFractions:	1
NumberOfIntervalsForFraction	General_Glass_Metal_Plastic_Organic	1	14
GRAPH
EdgeNumber	EdgeId	StartNodeNumber	EndNodeNumber	Cost	Demand_0	Bins_0
START
0	355	0	1	55	0	0
1	1136	2	3	44	7140	7
2	1459	4	5	28	187	2
3	1537	6	7	46	306	3
4	1543	8	9	33	282	2
5	1544	7	8	6	0	0
6	1545	8	10	29	213	2
7	1828	11	12	22	94	1
8	1830	13	6	42	562	5
9	2299	15	16	111	4362	6
10	4196	17	18	73	0	0
11	4503	19	20	30	94	1
12	4526	21	22	81	7668	14
13	4538	23	24	42	0	0
14	4540	25	26	16	0	0
15	4541	26	27	194	2389	6
16	4542	28	29	44	0	0
17	4543	29	30	86	1360	5
18	4544	31	32	2	0	0
19	4545	33	34	66	4556	8
20	4546	34	31	37	2822	5
21	4547	35	36	18	680	1
22	4550	37	38	49	970	6
23	4551	38	39	16	766	4
24	4552	40	41	75	0	0
25	4553	42	43	45	2338	13
26	4554	44	45	43	94	1
27	4555	46	47	38	0	0
28	4556	48	49	55	0	0
29	4557	50	48	40	792	3
30	4559	51	52	72	408	1
31	4560	52	53	34	596	3
32	4561	54	55	30	417	3
33	4592	56	57	28	731	3
34	4594	17	58	62	1394	3
35	4595	58	59	19	0	0
36	4597	60	61	49	672	4
37	4599	55	62	32	391	3
38	4623	63	64	34	587	6
39	4650	64	65	14	400	4
40	4655	66	67	53	2814	9
41	4656	67	68	42	1938	5
42	4665	69	21	91	392	2
43	4670	70	71	22	204	1
44	4788	72	73	28	0	0
45	4789	74	75	106	1224	6
46	4843	76	25	28	5848	9
47	4844	77	78	26	0	0
48	4846	79	80	12	0	0
49	4872	81	82	103	2449	8
50	4876	83	0	20	188	1
51	6086	84	27	28	0	0
52	6099	85	37	66	2100	7
53	6101	86	37	50	510	4
54	6102	87	88	55	1914	5
55	6103	36	61	57	2669	9
56	6106	41	89	64	0	0
57	6107	41	90	65	0	0
58	6108	90	91	69	3511	6
59	6109	92	33	21	1318	3
60	6110	93	94	8	0	0
61	6111	94	95	77	2849	6
62	6112	96	97	105	4438	14
63	6113	97	98	49	1744	8
64	6115	50	99	146	3019	11
65	6116	99	100	49	596	3
66	6117	101	51	167	1377	10
67	6118	102	103	64	332	2
68	6119	104	105	22	119	1
69	6120	106	107	97	816	2
70	6121	107	108	23	0	0
71	6126	109	110	14	0	0
72	6137	102	111	115	3240	18
73	6138	30	112	101	1438	6
74	6139	112	76	96	4080	4
75	6140	81	113	50	2414	7
76	6149	114	115	15	2040	2
77	6150	115	116	47	486	3
78	6151	117	118	62	204	1
79	6152	118	119	16	0	0
80	6153	73	120	75	94	1
81	6154	121	122	61	2448	3
82	6155	123	76	70	6410	10
83	6156	124	125	42	1343	3
84	6157	125	126	153	2168	14
85	6158	113	127	50	1633	11
86	6159	127	23	24	1913	6
87	6160	128	129	33	408	1
88	6161	122	130	46	94	1
89	6236	100	131	25	510	4
90	6280	132	133	122	1777	6
91	6333	84	134	27	94	1
92	6334	36	135	47	2040	2
93	6335	73	136	95	578	3
94	6352	128	99	78	1615	6
95	6353	99	125	57	936	5
96	6354	137	138	31	1863	9
97	6356	93	87	73	1556	5
98	6358	139	121	67	1224	3
99	6359	59	27	44	1224	4
100	6361	140	58	16	0	0
101	6362	30	81	64	765	4
102	6363	141	91	15	0	0
103	6364	95	142	69	417	3
104	6365	95	85	49	2007	9
105	6366	85	114	19	0	0
106	6367	142	109	74	1098	6
107	6368	143	140	48	2040	2
108	6369	144	145	77	4284	6
109	6370	146	147	16	3128	4
110	6371	147	117	84	4174	7
111	6372	145	146	48	374	2
112	6373	2	118	33	0	0
113	6376	148	149	77	17710	17
114	6377	150	151	13	119	1
115	6378	151	137	96	1641	10
116	6379	137	152	53	1531	6
117	6380	15	153	63	0	0
118	6381	45	102	9	0	0
119	6420	75	154	54	486	3
120	6433	155	156	90	0	0
121	6660	157	158	76	0	0
122	6661	157	159	54	0	0
123	6663	160	161	71	188	1
124	6664	161	162	92	408	1
125	6669	163	150	79	1183	6
126	6679	164	165	48	3758	5
127	7220	166	167	11	94	1
128	7221	168	169	31	1768	3
129	7222	170	108	49	0	0
130	7223	170	171	18	0	0
131	7224	172	173	51	1938	9
132	7225	172	174	60	1054	3
133	7226	174	117	45	0	0
134	7227	119	175	20	94	1
135	7228	175	72	30	188	1
136	7437	176	177	52	94	1
137	7438	177	178	84	842	5
138	7440	179	180	24	298	2
139	7441	80	181	27	970	4
140	7442	42	182	21	426	2
141	7443	111	141	33	1736	9
142	7444	183	44	5	0	0
143	7445	18	184	43	1208	5
144	7446	45	57	70	579	4
145	7447	57	185	26	0	0
146	7448	185	104	13	408	1
147	7449	30	47	22	0	0
148	7451	47	186	23	282	2
149	7452	48	187	33	0	0
150	7453	187	128	114	2815	15
151	7454	187	188	18	510	1
152	7455	126	189	24	0	0
153	7456	189	50	34	578	3
154	7457	23	48	112	5407	18
155	7458	167	14	66	1624	11
156	7459	168	166	29	1122	4
157	7607	59	190	23	0	0
158	7608	190	28	88	536	3
159	7702	184	190	16	0	0
160	7744	126	14	49	1394	3
161	7804	40	79	31	374	2
162	7805	43	79	30	188	1
163	7806	192	193	10	204	1
164	7821	147	123	21	408	1
165	7822	194	25	35	340	1
166	7823	134	194	179	9922	28
167	7824	195	101	80	375	3
168	7825	28	183	48	0	0
169	7937	13	196	46	94	1
170	7938	196	197	15	204	1
171	7939	46	198	6	0	0
172	7941	49	15	93	2228	3
173	7984	199	200	20	0	0
174	7985	199	116	58	612	2
175	8094	197	9	53	519	4
176	8095	9	5	5	0	0
177	8104	161	11	31	323	2
178	8105	11	10	49	748	6
179	8106	97	2	72	0	0
180	8119	162	201	37	486	3
181	8219	83	202	11	0	0
182	8220	202	124	41	867	5
183	8265	136	70	68	188	1
184	8276	120	203	17	0	0
185	8356	145	194	9	0	0
186	8484	22	128	79	3656	5
187	8485	153	22	17	0	0
188	9656	158	204	44	1224	3
189	9657	5	205	23	400	4
190	9658	151	206	31	2577	12
191	9659	54	207	33	486	3
192	9665	53	163	22	298	2
193	9666	163	159	63	894	5
194	9667	159	208	6	408	1
195	9668	209	210	7	0	0
196	9669	210	211	44	1020	1
197	9703	1	212	73	3876	5
198	9761	1	20	20	0	0
199	9791	213	157	56	520	3
200	9792	213	214	116	1870	11
201	9793	158	215	154	1880	11
202	9794	10	4	37	595	4
203	9795	4	216	32	187	2
204	9796	160	13	24	94	1
205	9797	197	217	53	282	2
206	9798	209	54	40	0	0
207	9940	178	155	80	1531	7
208	10001	218	219	92	0	0
209	10002	219	154	50	0	0
210	10123	220	221	43	3060	3
211	10126	169	170	15	0	0
212	10149	119	174	191	0	0
213	10150	222	223	65	8064	36
214	10151	224	222	16	0	0
215	10152	225	226	85	2856	10
216	10153	66	61	38	1726	5
217	10154	149	66	46	0	0
218	10156	227	172	44	238	1
219	10157	88	228	30	714	2
220	10160	76	229	133	6920	13
221	10161	80	230	130	4080	4
222	10365	18	183	80	0	0
223	10366	82	112	120	0	0
224	10368	191	231	45	2040	2
225	10369	232	233	18	94	1
226	10371	234	235	29	2040	2
227	10391	171	236	16	188	1
228	10392	236	169	15	0	0
229	10567	129	132	30	2244	5
230	10568	131	237	7	204	1
231	10571	173	238	32	1055	6
232	10572	238	171	42	0	0
233	10573	208	239	6	0	0
234	10574	240	192	25	681	6
235	10577	211	241	42	94	1
236	10596	91	17	44	0	0
237	10630	222	242	27	0	0
238	10636	68	144	52	4658	16
239	10637	224	243	30	0	0
240	10639	244	152	70	766	4
241	10696	101	104	125	766	4
242	10709	120	245	36	596	3
243	10715	35	246	40	1020	1
244	10716	247	248	40	1020	1
245	10717	24	249	61	4080	4
246	10738	180	195	117	0	0
247	10767	34	250	23	748	4
248	10768	250	251	25	510	1
249	10769	82	247	33	1020	1
250	10770	247	236	53	0	0
251	10772	248	167	102	0	0
252	10854	162	252	39	187	2
253	10857	219	253	129	1454	9
254	10858	253	156	116	1565	8
255	10859	154	89	38	0	0
256	10861	89	254	95	1089	7
257	10862	254	179	126	1931	11
258	10863	218	176	29	94	1
259	11069	46	104	39	0	0
260	11110	209	239	62	282	2
261	11112	116	142	70	1871	6
262	11418	200	78	52	2040	6
263	11420	156	180	90	0	0
264	11425	110	94	43	2040	2
265	11426	32	93	33	2636	4
266	11427	109	255	69	3188	9
267	11428	255	232	44	1522	7
268	11429	232	143	26	970	4
269	11430	143	234	62	0	0
270	11431	234	33	15	0	0
271	11432	92	60	29	0	0
272	11433	60	256	27	596	2
273	11434	92	134	69	791	4
274	11435	41	191	126	2040	2
275	11437	220	257	13	0	0
276	11441	152	69	31	282	2
277	11494	203	121	59	698	2
278	11545	200	258	63	0	0
279	11546	258	259	50	1496	8
280	11548	77	86	43	562	3
281	11549	39	87	69	2645	11
282	11550	88	35	35	468	3
283	11551	135	148	20	2040	2
284	11552	243	149	99	282	2
285	11553	257	225	79	680	1
286	11554	225	224	9	0	0
287	11555	242	260	110	4080	4
288	11652	165	261	22	1020	1
289	11653	261	200	6	0	0
290	11662	160	262	28	187	2
291	11663	262	63	25	374	4
292	11691	161	263	31	1140	7
293	11692	263	240	48	1310	11
294	11693	158	264	2	0	0
295	11694	264	160	64	187	2
296	11698	198	265	41	1020	1
297	11712	265	266	65	596	2
298	11713	266	51	18	0	0
299	11853	185	267	360	1224	2
300	-1	16	153	1	0	0
301	-3	96	220	32	0	0
302	-4	191	142	74	0	0
303	-5	108	14	186	0	0
304	-6	96	144	73	0	0
END
-----------------------------------------
InputUsedToGenerateTheGraph:
County:	Norddjurs
CenterNodeId:	5303
Radius:	800
HouseTypes:	Normal	Summer	Apartment
NumberOfWasteFractions: 1
IntervalsForWasteFraction:	general	3.5	7.0	14.0
-----------------------------------------


