ProblemType:	CARP
NumberNodes:	2134
NumberEdges:	2411
DepotNodeNumber:	167
NumberOfFractions:	1
NumberOfIntervalsForFraction	General_Glass_Metal_Plastic_Organic	1	14
GRAPH
EdgeNumber	EdgeId	StartNodeNumber	EndNodeNumber	Cost	Demand_0	Bins_0
START
0	21	0	1	86	204	1
1	29	2	3	109	502	3
2	30	3	4	62	187	2
3	33	5	6	94	298	2
4	35	7	8	277	0	0
5	36	7	9	113	0	0
6	37	10	11	98	0	0
7	102	12	13	64	0	0
8	103	14	15	128	2220	9
9	104	15	16	54	1122	6
10	130	17	18	101	306	3
11	131	19	20	30	119	1
12	132	21	22	83	187	2
13	133	23	24	135	204	1
14	138	25	26	22	1811	17
15	141	27	28	241	204	1
16	142	28	29	18	0	0
17	143	30	31	119	0	0
18	146	32	33	65	791	7
19	147	34	35	27	340	1
20	148	35	36	10	0	0
21	149	37	38	10	94	1
22	154	41	42	39	2754	4
23	155	43	44	10	187	2
24	156	44	45	37	94	1
25	164	33	46	30	187	2
26	165	46	47	17	187	2
27	166	48	49	98	1887	7
28	167	49	50	19	0	0
29	168	51	52	12	0	0
30	169	52	53	33	204	1
31	172	54	55	131	1751	7
32	173	55	56	9	0	0
33	174	56	57	16	204	1
34	175	57	58	77	3179	12
35	181	59	60	454	204	1
36	182	61	62	233	0	0
37	183	63	64	87	0	0
38	184	64	65	950	1370	11
39	187	66	67	15	340	1
40	188	67	68	55	204	1
41	189	69	70	42	527	3
42	195	71	72	716	94	1
43	198	72	73	172	94	1
44	199	73	74	114	408	1
45	200	39	75	143	1887	10
46	302	43	76	64	3060	3
47	303	77	78	6	0	0
48	304	78	79	9	187	2
49	305	26	80	48	375	4
50	306	80	36	24	374	4
51	307	81	82	7	0	0
52	308	82	83	32	187	2
53	309	83	84	6	0	0
54	310	84	37	34	468	5
55	311	85	86	226	0	0
56	312	86	87	172	612	2
57	334	89	90	62	0	0
58	335	90	91	239	204	1
59	336	92	93	624	0	0
60	338	76	94	17	680	1
61	339	94	41	54	1913	4
62	342	95	96	48	408	2
63	343	97	98	83	0	0
64	347	99	100	527	0	0
65	349	101	102	20	0	0
66	350	102	103	25	119	1
67	360	104	105	549	204	1
68	369	106	107	131	408	2
69	370	108	109	172	0	0
70	378	110	111	271	119	1
71	379	112	113	75	298	2
72	380	114	115	208	94	1
73	381	109	116	84	94	1
74	382	117	118	280	94	1
75	413	119	120	112	204	1
76	421	121	122	18	0	0
77	422	122	123	56	187	2
78	427	124	125	179	2101	10
79	428	126	127	28	408	2
80	429	128	129	140	782	6
81	430	130	131	160	918	6
82	431	132	133	291	408	2
83	455	134	135	144	119	1
84	468	136	137	311	596	2
85	472	141	142	13	0	0
86	473	142	143	1624	391	3
87	474	144	145	186	0	0
88	475	146	147	17	0	0
89	478	148	149	74	0	0
90	480	150	151	17	0	0
91	481	151	152	92	3180	17
92	486	144	154	91	94	1
93	487	155	156	4	0	0
94	488	156	144	233	94	1
95	489	147	157	88	204	1
96	490	147	158	101	0	0
97	491	158	159	170	204	1
98	492	160	161	565	1156	4
99	493	162	163	74	204	1
100	494	164	165	91	94	1
101	495	164	166	255	204	1
102	496	167	168	385	187	2
103	497	169	170	97	408	1
104	498	171	172	86	204	1
105	500	173	174	95	94	1
106	502	61	175	83	204	1
107	518	176	177	183	323	2
108	526	178	179	96	408	1
109	527	59	180	94	204	1
110	528	181	182	189	340	1
111	530	183	184	61	94	1
112	537	185	186	381	323	2
113	541	187	188	182	0	0
114	542	189	190	327	94	1
115	594	191	192	90	204	1
116	597	193	194	382	119	1
117	598	195	196	66	94	1
118	609	197	198	108	94	1
119	673	199	200	107	204	1
120	674	201	202	171	527	2
121	675	203	204	140	408	2
122	676	205	206	102	204	1
123	688	207	208	131	188	1
124	710	209	210	137	188	1
125	711	211	212	132	204	1
126	712	211	213	221	94	1
127	713	214	215	68	188	1
128	716	216	217	147	94	1
129	737	218	219	52	204	1
130	772	220	221	29	0	0
131	773	222	223	4	0	0
132	774	223	224	80	502	3
133	775	225	226	76	119	1
134	776	226	227	68	417	3
135	777	228	229	75	298	2
136	778	230	231	3	562	3
137	779	231	232	32	374	2
138	780	232	233	108	621	4
139	781	234	235	567	0	0
140	782	236	237	443	0	0
141	784	238	239	627	0	0
142	787	161	240	332	204	1
143	789	241	242	93	204	1
144	794	243	244	134	486	3
145	801	245	246	208	94	1
146	819	247	248	138	1353	9
147	820	5	249	125	204	1
148	821	249	207	116	0	0
149	833	250	251	523	2295	14
150	834	251	252	55	527	2
151	835	253	254	631	0	0
152	841	255	95	6	0	0
153	842	256	257	5	0	0
154	843	257	258	29	94	1
155	844	240	259	150	0	0
156	845	260	162	708	0	0
157	846	162	261	166	0	0
158	849	262	263	85	0	0
159	851	158	264	77	94	1
160	852	263	265	116	0	0
161	853	266	267	48	282	2
162	854	267	268	318	0	0
163	855	269	270	117	298	2
164	856	21	19	28	0	0
165	857	19	271	31	0	0
166	860	272	241	86	0	0
167	863	273	112	208	0	0
168	864	274	275	794	94	1
169	865	275	276	72	0	0
170	866	277	278	352	0	0
171	867	278	279	128	187	2
172	868	280	281	180	0	0
173	870	120	110	192	0	0
174	871	110	282	114	0	0
175	872	283	173	80	0	0
176	873	173	61	32	0	0
177	893	284	285	72	323	2
178	894	257	286	38	94	1
179	895	256	287	57	94	1
180	904	288	240	76	204	1
181	917	289	290	97	94	1
182	919	291	292	12	94	1
183	920	292	293	220	1326	7
184	928	294	295	914	0	0
185	929	295	296	144	0	0
186	931	108	297	51	0	0
187	935	298	299	193	204	1
188	945	214	199	18	0	0
189	946	199	300	457	187	2
190	948	301	302	212	0	0
191	951	112	120	161	0	0
192	952	303	304	62	374	2
193	953	305	306	30	408	1
194	955	267	307	38	408	1
195	956	308	309	68	119	1
196	957	310	311	12	94	1
197	973	139	312	153	1224	3
198	974	313	314	33	204	1
199	978	295	315	804	204	1
200	997	316	317	49	94	1
201	1008	318	319	122	408	1
202	1009	320	321	38	204	1
203	1010	263	322	42	94	1
204	1011	265	323	107	408	1
205	1012	324	325	63	204	1
206	1013	64	326	137	94	1
207	1045	327	328	149	204	1
208	1046	275	329	67	204	1
209	1047	330	320	54	298	2
210	1051	331	270	103	94	1
211	1075	332	333	256	1904	13
212	1076	334	220	33	187	2
213	1093	335	336	28	0	0
214	1099	337	338	53	706	4
215	1100	338	339	72	282	2
216	1101	340	341	38	0	0
217	1102	341	258	109	204	1
218	1106	342	343	34	188	1
219	1107	343	344	120	306	3
220	1112	345	346	48	408	1
221	1113	346	347	643	408	2
222	1114	348	349	35	94	1
223	1120	350	27	149	204	1
224	1123	351	352	108	408	1
225	1200	353	150	19	0	0
226	1248	354	355	40	0	0
227	1254	356	357	19	204	1
228	1263	358	340	40	298	2
229	1264	359	360	252	213	2
230	1265	360	361	127	94	1
231	1266	362	363	85	94	1
232	1267	363	364	35	0	0
233	1272	365	366	79	0	0
234	1273	150	99	27	0	0
235	1274	367	368	1466	0	0
236	1275	300	369	555	0	0
237	1276	369	370	401	204	1
238	1277	300	371	250	119	1
239	1278	71	372	1128	0	0
240	1279	373	374	131	0	0
241	1280	370	374	266	0	0
242	1281	374	375	235	0	0
243	1282	71	206	163	0	0
244	1283	376	377	711	0	0
245	1284	74	376	60	94	1
246	1289	378	379	1407	0	0
247	1290	378	380	397	204	1
248	1293	381	382	76	392	2
249	1295	384	368	534	204	1
250	1297	385	386	321	0	0
251	1298	386	387	192	0	0
252	1300	387	388	9	0	0
253	1301	388	389	69	0	0
254	1303	379	390	45	119	1
255	1304	390	391	143	689	5
256	1305	391	392	57	408	2
257	1306	393	394	31	298	2
258	1307	394	395	36	187	2
259	1309	395	396	95	1234	8
260	1310	396	381	44	204	1
261	1311	381	388	60	94	1
262	1312	397	390	157	298	2
263	1314	387	398	62	0	0
264	1315	382	389	28	0	0
265	1316	399	400	172	0	0
266	1318	389	401	201	188	1
267	1319	402	375	1292	375	3
268	1320	373	399	919	408	1
269	1321	403	404	221	408	2
270	1322	402	405	887	0	0
271	1323	405	406	441	0	0
272	1330	407	408	1218	0	0
273	1331	409	410	513	502	3
274	1332	411	412	1181	0	0
275	1334	408	411	44	0	0
276	1335	411	413	489	0	0
277	1336	414	409	184	417	3
278	1337	409	408	919	502	3
279	1338	415	383	101	0	0
280	1340	416	417	138	0	0
281	1343	417	418	305	1224	2
282	1345	400	419	249	0	0
283	1346	419	416	60	0	0
284	1347	416	420	603	391	3
285	1348	421	419	343	187	2
286	1349	419	422	275	0	0
287	1350	423	420	416	0	0
288	1351	420	421	389	0	0
289	1353	425	426	83	502	2
290	1355	422	417	162	0	0
291	1358	428	429	55	0	0
292	1359	429	430	775	282	2
293	1360	430	422	188	0	0
294	1362	431	428	46	0	0
295	1363	418	432	353	0	0
296	1364	433	434	49	470	3
297	1365	435	436	42	799	4
298	1370	437	438	36	876	4
299	1371	439	440	43	307	2
300	1372	441	442	55	94	1
301	1378	443	444	56	0	0
302	1380	445	446	34	188	1
303	1381	447	448	37	0	0
304	1383	449	450	130	0	0
305	1384	450	451	141	94	1
306	1387	445	447	49	0	0
307	1388	447	437	84	376	2
308	1389	437	435	74	0	0
309	1390	435	452	39	0	0
310	1393	453	447	108	655	5
311	1394	443	439	44	94	1
312	1395	454	455	49	494	4
313	1396	456	454	114	656	4
314	1397	457	458	45	282	2
315	1398	458	456	34	408	1
316	1500	459	460	511	0	0
317	1530	461	462	661	94	1
318	1531	462	463	323	0	0
319	1559	464	465	81	94	1
320	1560	465	466	130	323	2
321	1564	467	468	78	298	2
322	1565	468	91	113	0	0
323	1569	364	469	1362	0	0
324	1570	234	470	1564	0	0
325	1575	471	472	104	426	2
326	1578	473	474	1617	0	0
327	1585	475	476	185	0	0
328	1586	476	357	53	0	0
329	1590	477	239	145	0	0
330	1591	239	478	641	0	0
331	1593	190	479	44	94	1
332	1594	358	11	114	0	0
333	1605	459	480	137	187	2
334	1606	481	482	215	204	1
335	1607	483	484	320	0	0
336	1608	483	485	198	94	1
337	1609	374	486	139	0	0
338	1610	487	486	80	204	1
339	1611	368	488	15	0	0
340	1612	488	385	71	0	0
341	1613	489	488	214	94	1
342	1614	410	490	289	502	3
343	1615	490	397	923	0	0
344	1616	491	490	116	408	2
345	1622	492	493	222	1207	6
346	1623	493	494	107	825	4
347	1624	493	495	93	94	1
348	1625	496	497	15	94	1
349	1626	497	498	118	94	1
350	1627	497	499	129	119	1
351	1631	498	500	135	0	0
352	1632	500	501	22	204	1
353	1633	502	503	96	204	1
354	1646	504	505	590	204	1
355	1647	505	506	207	0	0
356	1648	505	507	463	238	1
357	1649	508	509	65	298	2
358	1650	508	510	70	442	2
359	1651	511	512	36	0	0
360	1652	511	513	114	204	1
361	1653	514	515	181	1114	6
362	1654	516	514	77	298	2
363	1655	517	518	394	791	7
364	1656	518	519	35	204	1
365	1665	236	520	660	0	0
366	1666	521	522	750	0	0
367	1667	523	478	577	0	0
368	1668	478	365	201	0	0
369	1713	524	525	150	204	1
370	1714	525	526	446	119	1
371	1717	527	354	50	0	0
372	1718	354	528	41	188	1
373	1719	529	355	40	0	0
374	1720	355	527	67	0	0
375	1730	431	530	863	1437	9
376	1731	531	532	278	0	0
377	1732	533	534	431	893	6
378	1740	535	536	947	323	2
379	1743	537	538	196	1591	10
380	1744	539	540	179	0	0
381	1751	541	542	1274	0	0
382	1752	470	521	655	0	0
383	1753	543	544	535	442	2
384	1755	545	546	40	282	2
385	1757	391	385	311	298	2
386	1758	383	547	319	119	1
387	1769	548	549	51	374	4
388	1770	550	551	6	0	0
389	1771	550	552	138	578	5
390	1774	553	554	43	0	0
391	1775	555	556	47	1904	3
392	1778	557	558	15	1020	1
393	1779	519	514	37	94	1
394	1780	559	560	64	408	1
395	1781	560	218	61	969	6
396	1782	561	562	33	562	3
397	1783	563	564	205	1598	13
398	1784	565	566	103	825	5
399	1785	566	567	16	0	0
400	1786	568	569	16	408	2
401	1787	570	571	2	0	0
402	1788	571	572	15	493	5
403	1789	573	574	8	94	1
404	1790	575	7	51	0	0
405	1791	576	575	73	0	0
406	1796	577	467	103	119	1
407	1808	578	134	45	0	0
408	1868	579	88	302	0	0
409	1869	580	581	37	204	1
410	1870	581	582	76	536	4
411	1871	581	583	32	400	4
412	1872	584	585	56	204	1
413	1873	585	586	34	0	0
414	1875	587	588	27	0	0
415	1876	588	589	88	119	1
416	1877	277	590	22	0	0
417	1878	590	591	34	0	0
418	1879	591	592	12	0	0
419	1880	592	277	25	0	0
420	1881	592	593	108	204	1
421	1882	594	595	90	0	0
422	1883	595	596	504	0	0
423	1884	595	597	38	204	1
424	1885	279	598	1059	1003	6
425	1887	145	599	85	0	0
426	1888	145	600	169	408	2
427	1889	89	601	655	706	3
428	1891	602	603	20	0	0
429	1892	602	604	11	0	0
430	1893	602	605	111	204	1
431	1897	606	607	38	408	2
432	1898	607	608	44	706	3
433	1899	607	609	44	204	1
434	1904	611	612	31	0	0
435	1905	611	613	78	94	1
436	1909	615	616	138	188	1
437	1910	617	618	44	442	2
438	1911	619	620	377	0	0
439	1912	620	621	269	0	0
440	1913	622	620	445	204	1
441	1914	623	624	2115	0	0
442	1916	625	626	44	0	0
443	1918	627	626	157	204	1
444	1919	628	629	336	94	1
445	1920	628	630	92	204	1
446	1921	631	632	162	0	0
447	1923	633	634	75	0	0
448	1924	634	635	557	94	1
449	1925	634	636	85	204	1
450	1929	143	637	333	0	0
451	1930	637	638	191	0	0
452	1931	637	639	153	119	1
453	1932	640	641	102	0	0
454	1933	641	136	153	0	0
455	1934	641	642	119	204	1
456	1935	643	644	194	119	1
457	1936	645	646	346	298	2
458	1937	646	647	598	910	4
459	1938	646	648	412	204	1
460	1939	649	650	67	204	1
461	1940	645	651	219	0	0
462	1941	651	652	125	204	1
463	1947	653	654	47	408	2
464	1949	655	656	53	0	0
465	1950	608	657	61	1122	6
466	1951	658	610	91	204	1
467	1952	659	656	937	561	3
468	1953	271	660	40	204	1
469	1954	660	23	50	1054	6
470	1960	661	471	130	1361	10
471	1961	471	662	93	306	3
472	1964	576	663	105	969	4
473	1965	575	664	111	561	4
474	2013	665	666	95	298	2
475	2014	281	667	81	119	1
476	2042	668	188	366	0	0
477	2043	188	669	276	0	0
478	2044	670	283	366	298	2
479	2045	533	318	31	0	0
480	2046	318	483	736	596	3
481	2047	671	310	13	0	0
482	2048	310	672	63	0	0
483	2052	672	508	16	0	0
484	2075	281	673	475	391	3
485	2076	674	171	122	213	2
486	2077	171	675	65	485	4
487	2078	676	677	53	94	1
488	2079	678	169	242	2168	12
489	2080	169	679	34	0	0
490	2081	672	680	43	188	1
491	2082	63	324	84	0	0
492	2083	324	681	50	0	0
493	2084	682	210	227	0	0
494	2085	210	415	100	94	1
495	2102	683	684	80	94	1
496	2109	685	686	49	621	4
497	2112	687	688	56	690	3
498	2122	689	690	49	0	0
499	2127	63	691	59	298	2
500	2165	692	693	33	204	1
501	2166	694	695	288	204	1
502	2186	696	697	193	204	1
503	2190	442	698	150	340	1
504	2191	699	459	101	204	1
505	2192	208	700	225	204	1
506	2193	183	701	309	204	1
507	2194	702	703	134	204	1
508	2197	704	705	94	697	3
509	2199	313	695	196	0	0
510	2200	695	92	11	0	0
511	2216	706	0	46	94	1
512	2217	707	708	41	204	1
513	2218	709	710	51	392	2
514	2220	364	711	1375	0	0
515	2223	712	713	123	94	1
516	2224	714	715	205	94	1
517	2226	716	717	31	298	2
518	2229	718	719	11	298	2
519	2237	3	720	272	94	1
520	2257	721	722	60	502	3
521	2265	723	724	83	884	8
522	2266	379	204	37	0	0
523	2267	100	181	139	0	0
524	2268	181	211	104	0	0
525	2269	430	725	55	0	0
526	2271	725	201	66	94	1
527	2295	183	726	152	0	0
528	2349	727	365	98	119	1
529	2359	728	729	186	0	0
530	2360	730	164	308	0	0
531	2361	167	731	93	0	0
532	2362	176	732	155	204	1
533	2363	733	734	50	714	2
534	2367	735	186	189	119	1
535	2368	736	737	419	0	0
536	2369	736	738	191	323	2
537	2370	738	739	548	0	0
538	2371	740	520	1072	0	0
539	2372	520	237	382	0	0
540	2413	741	742	19	282	2
541	2414	679	743	58	595	4
542	2415	744	745	29	187	2
543	2416	744	746	117	1293	8
544	2417	679	747	68	935	4
545	2418	748	475	372	204	1
546	2419	476	734	38	0	0
547	2420	734	749	44	0	0
548	2421	750	751	726	1471	11
549	2422	751	749	264	1624	9
550	2423	749	356	26	298	2
551	2424	752	753	76	408	2
552	2425	750	754	76	0	0
553	2426	755	756	245	0	0
554	2427	755	757	200	94	1
555	2429	758	193	188	0	0
556	2436	759	760	435	0	0
557	2438	759	761	959	306	3
558	2439	762	763	266	740	4
559	2440	764	760	676	0	0
560	2441	765	763	91	204	1
561	2443	766	767	47	825	5
562	2444	768	769	52	944	5
563	2445	770	771	33	469	4
564	2446	770	772	72	706	4
565	2447	768	773	71	595	4
566	2448	774	766	20	204	1
567	2449	775	776	112	94	1
568	2450	776	777	477	0	0
569	2451	774	773	70	0	0
570	2452	776	761	454	94	1
571	2453	65	777	73	0	0
572	2480	778	730	695	0	0
573	2482	730	775	27	94	1
574	2483	779	751	996	0	0
575	2484	779	780	463	94	1
576	2485	748	781	425	204	1
577	2486	782	783	149	0	0
578	2487	784	785	545	0	0
579	2488	785	786	193	0	0
580	2489	786	783	60	0	0
581	2490	783	787	169	0	0
582	2491	786	697	833	0	0
583	2492	782	785	224	238	1
584	2495	302	531	300	408	1
585	2496	784	788	778	306	3
586	2791	789	790	61	298	2
587	2793	791	481	85	0	0
588	2794	481	789	71	0	0
589	2795	792	545	69	408	1
590	2796	793	792	397	0	0
591	2797	794	795	52	0	0
592	2798	796	797	132	94	1
593	2799	798	799	302	486	3
594	2800	799	800	63	306	3
595	2801	800	801	31	323	2
596	2802	801	802	11	0	0
597	2803	802	803	95	2644	8
598	2804	803	804	15	0	0
599	2805	804	805	60	910	4
600	2806	805	806	42	204	1
601	2807	806	807	143	1394	5
602	2808	808	809	226	94	1
603	2809	810	808	180	1360	9
604	2810	799	811	74	391	3
605	2811	800	812	79	401	3
606	2812	813	814	35	94	1
607	2813	815	816	36	911	7
608	2814	816	817	39	1479	7
609	2817	818	819	35	391	3
610	2818	820	821	55	1003	6
611	2819	822	823	54	1224	5
612	2820	824	825	130	2296	11
613	2821	826	827	117	2381	10
614	2822	828	829	116	1097	7
615	2823	830	831	98	204	1
616	2824	512	668	517	0	0
617	2825	669	832	94	0	0
618	2826	832	712	399	0	0
619	2828	833	834	73	1148	6
620	2829	830	243	51	0	0
621	2830	835	836	93	0	0
622	2831	836	837	85	298	2
623	2832	838	839	494	502	3
624	2833	840	838	382	119	1
625	2834	841	842	74	1318	6
626	2835	843	844	100	1404	9
627	2836	845	846	68	799	5
628	2837	846	847	102	595	4
629	2838	847	848	77	493	5
630	2839	848	849	92	408	2
631	2840	850	851	77	187	2
632	2841	852	851	90	0	0
633	2842	792	128	56	204	1
634	2844	853	131	45	332	3
635	2845	854	855	55	485	4
636	2846	856	857	48	374	4
637	2847	858	859	69	774	6
638	2848	860	858	113	485	4
639	2850	861	862	46	281	3
640	2851	863	864	105	1404	6
641	2852	864	865	19	408	1
642	2853	866	864	91	901	5
643	2854	867	863	47	391	3
644	2855	863	860	42	0	0
645	2856	860	868	31	0	0
646	2857	868	869	132	2789	10
647	2858	131	870	9	0	0
648	2859	870	855	15	0	0
649	2860	856	861	6	0	0
650	2861	861	870	16	0	0
651	2862	871	872	418	0	0
652	2863	133	130	140	1131	7
653	2864	868	873	92	680	4
654	2865	873	874	12	119	1
655	2866	132	5	98	0	0
656	2867	875	132	454	408	2
657	2868	876	877	448	0	0
658	2869	877	371	475	94	1
659	2870	878	879	39	749	4
660	2871	880	881	38	1122	10
661	2872	882	883	37	680	1
662	2873	884	885	89	391	3
663	2874	885	886	45	119	1
664	2875	886	887	162	612	2
665	2876	886	794	42	0	0
666	2877	552	888	47	281	3
667	2878	552	889	57	0	0
668	2880	890	891	27	510	1
669	2881	795	892	26	0	0
670	2882	884	879	78	834	4
671	2883	881	893	69	596	2
672	2884	893	894	58	1081	7
673	2885	887	882	39	187	2
674	2886	895	896	84	204	1
675	2887	896	897	59	204	1
676	2888	892	887	21	0	0
677	2889	887	898	168	1029	4
678	2890	898	899	11	94	1
679	2891	899	335	76	0	0
680	2892	335	900	39	408	1
681	2893	900	372	68	119	1
682	2895	372	901	929	901	6
683	2896	737	897	450	391	3
684	2897	895	902	75	689	5
685	2898	902	882	32	0	0
686	2899	903	904	231	204	1
687	2901	905	906	99	408	1
688	2902	907	905	84	408	1
689	2903	908	464	419	0	0
690	2904	464	909	51	0	0
691	2905	60	412	106	340	1
692	2906	60	910	90	0	0
693	2907	911	912	70	94	1
694	2908	913	914	72	375	3
695	2909	915	916	41	1003	5
696	2910	917	247	29	706	4
697	2911	918	919	79	1947	8
698	2912	920	921	88	298	2
699	2913	922	923	250	485	4
700	2914	923	924	27	0	0
701	2915	924	925	91	188	1
702	2916	926	927	84	714	5
703	2917	928	929	43	502	2
704	2919	924	929	59	298	2
705	2920	929	926	12	0	0
706	2921	926	915	49	0	0
707	2922	915	930	89	391	3
708	2923	910	931	1002	408	1
709	2924	380	12	340	0	0
710	2925	932	13	527	188	1
711	2926	13	925	313	0	0
712	2927	925	931	28	0	0
713	2928	931	933	453	0	0
714	2929	933	934	92	0	0
715	2930	933	935	67	0	0
716	2931	935	922	495	204	1
717	2932	922	129	6	0	0
718	2933	129	936	83	536	4
719	2934	936	914	77	1063	9
720	2935	914	124	44	689	5
721	2936	937	920	17	94	1
722	2939	123	938	28	94	1
723	2940	939	940	48	706	3
724	2941	941	942	93	612	3
725	2942	943	944	79	213	2
726	2943	353	945	155	408	1
727	2944	946	101	89	281	3
728	2945	947	866	115	1326	6
729	2946	948	949	72	298	2
730	2947	949	950	73	612	3
731	2948	950	951	9	0	0
732	2949	951	947	35	0	0
733	2950	947	867	15	188	1
734	2951	952	943	113	1012	6
735	2952	943	946	40	0	0
736	2953	874	953	23	204	1
737	2954	101	944	47	774	2
738	2955	944	939	50	580	4
739	2956	939	16	55	323	2
740	2957	100	954	236	298	2
741	2959	955	875	203	119	1
742	2960	99	955	42	0	0
743	2961	955	945	67	0	0
744	2962	945	148	216	0	0
745	2963	16	952	57	493	3
746	2964	384	152	713	502	3
747	2965	152	353	58	0	0
748	2966	814	539	232	238	1
749	2967	956	957	120	1301	6
750	2968	958	959	102	799	2
751	2969	807	960	53	0	0
752	2970	960	961	345	204	1
753	2972	962	813	53	0	0
754	2973	957	959	114	188	1
755	2974	963	964	28	0	0
756	2975	964	798	22	0	0
757	2976	798	965	28	0	0
758	2977	965	963	22	0	0
759	2978	966	967	36	0	0
760	2979	968	969	117	527	3
761	2980	970	971	115	621	4
762	2981	972	973	123	1633	10
763	2982	974	975	103	323	2
764	2983	976	977	40	502	3
765	2984	978	979	59	816	3
766	2985	980	979	63	1029	6
767	2986	981	982	161	5100	5
768	2987	983	984	97	1352	8
769	2988	831	985	303	0	0
770	2989	974	832	81	204	1
771	2990	986	987	65	374	4
772	2991	919	988	31	391	3
773	2992	392	989	75	408	2
774	2993	555	317	46	0	0
775	2994	990	427	50	0	0
776	2995	530	991	61	469	4
777	2996	992	502	75	612	3
778	2998	827	993	51	646	4
779	2999	994	995	92	893	5
780	3000	662	996	24	0	0
781	3001	994	512	37	0	0
782	3002	997	998	237	2712	15
783	3003	999	1000	170	2253	11
784	3004	1000	1001	26	188	1
785	3005	1001	548	112	1191	7
786	3006	548	1002	97	698	5
787	3007	1003	98	64	877	5
788	3008	1004	973	107	2101	11
789	3009	973	1005	61	1003	5
790	3010	971	1006	21	510	1
791	3011	958	956	87	1574	6
792	3012	962	1007	8	0	0
793	3013	1007	1008	91	1480	5
794	3014	1009	981	74	204	1
795	3015	981	676	85	1190	5
796	3016	676	1002	76	561	4
797	3017	1002	998	68	502	3
798	3018	1010	1011	26	0	0
799	3019	1001	1012	86	306	3
800	3020	1013	1011	76	417	3
801	3021	1011	986	16	0	0
802	3022	975	669	74	94	1
803	3023	1014	1015	28	238	1
804	3024	1015	1000	99	502	3
805	3025	1015	828	213	969	6
806	3026	828	816	36	0	0
807	3027	816	1016	109	545	3
808	3028	1016	1017	72	281	3
809	3029	1017	1018	170	2040	2
810	3030	1018	1019	11	0	0
811	3031	1019	1020	124	5100	5
812	3032	1020	661	158	1037	7
813	3033	661	1003	217	1183	9
814	3034	1014	831	263	1097	6
815	3039	837	1021	125	0	0
816	3040	1022	835	26	204	1
817	3041	835	985	67	0	0
818	3043	712	1023	313	0	0
819	3044	836	1024	64	119	1
820	3046	1023	1025	91	0	0
821	3047	1025	1026	115	0	0
822	3048	1026	1027	80	0	0
823	3049	1027	1028	433	187	2
824	3050	1029	1030	732	298	2
825	3051	1025	1031	223	0	0
826	3052	1027	1032	228	0	0
827	3053	1029	1033	307	94	1
828	3056	328	1035	216	0	0
829	3058	839	1036	34	0	0
830	3059	1037	1038	432	94	1
831	3060	1038	1039	730	0	0
832	3061	1040	1041	596	119	1
833	3062	1041	1038	291	0	0
834	3063	1038	1042	165	0	0
835	3064	1043	1044	328	596	3
836	3065	1040	276	227	204	1
837	3066	276	274	398	204	1
838	3067	1037	1045	8	0	0
839	3068	1045	1046	174	298	2
840	3069	1043	1047	39	0	0
841	3070	1048	1049	142	0	0
842	3071	1050	1051	67	783	4
843	3073	1052	561	27	562	3
844	3080	1053	1039	827	392	2
845	3081	1039	1054	614	0	0
846	3082	1044	1040	8	0	0
847	3083	1040	963	699	0	0
848	3084	1053	1055	443	94	1
849	3086	840	1056	81	94	1
850	3087	1056	517	215	0	0
851	3088	515	1057	63	204	1
852	3090	1058	1059	66	655	5
853	3091	1059	1060	138	978	6
854	3092	1061	1062	304	0	0
855	3095	1058	1060	507	1632	11
856	3096	1059	1036	566	527	3
857	3097	1063	526	648	0	0
858	3098	1057	1064	181	306	3
859	3100	1062	578	403	0	0
860	3101	1065	1066	33	800	4
861	3102	850	852	83	0	0
862	3104	1067	1068	259	969	6
863	3105	255	1069	103	502	2
864	3106	1070	1071	29	119	1
865	3114	851	1072	32	0	0
866	3115	1072	255	61	0	0
867	3116	1073	1074	26	0	0
868	3117	1074	553	30	408	1
869	3118	1070	1075	42	816	4
870	3119	1074	1076	108	1421	7
871	3120	1073	845	206	238	2
872	3121	845	1077	39	0	0
873	3122	1078	841	45	0	0
874	3123	1078	849	50	204	1
875	3124	849	1079	224	2628	16
876	3125	847	844	109	612	2
877	3126	844	1080	56	213	2
878	3127	1081	1082	165	1454	11
879	3131	526	1083	816	0	0
880	3134	1084	578	53	0	0
881	3136	1083	1061	422	0	0
882	3137	1084	1085	145	119	1
883	3138	1086	1062	892	0	0
884	3139	1087	1088	78	391	3
885	3140	1088	1089	76	281	3
886	3141	1089	565	58	238	1
887	3142	567	1090	70	0	0
888	3143	1090	1091	26	0	0
889	3144	1065	1087	34	213	2
890	3147	1092	1093	188	910	5
891	3148	1094	1095	132	612	2
892	3151	1096	496	107	94	1
893	3152	494	1097	177	374	2
894	3153	1097	1098	38	0	0
895	3155	293	1099	19	0	0
896	3156	1100	1101	176	1947	11
897	3157	567	563	209	1819	8
898	3158	1089	563	80	298	2
899	3159	1088	1102	86	391	3
900	3160	1103	1104	38	323	2
901	3161	1104	1078	88	595	3
902	3162	553	1092	25	119	1
903	3163	1092	1050	4	0	0
904	3164	1105	1106	61	204	1
905	3165	1107	1108	98	486	3
906	3166	1109	1110	14	0	0
907	3167	1110	1111	18	408	2
908	3168	1093	1112	16	204	1
909	3169	1113	1114	114	3053	14
910	3171	1106	1082	160	204	1
911	3172	1094	1115	36	204	1
912	3173	1115	1116	131	1445	7
913	3175	1117	1118	23	238	1
914	3176	1118	1119	22	94	1
915	3177	463	1120	18	0	0
916	3178	1120	1121	85	204	1
917	3179	1121	889	75	1122	6
918	3180	841	1091	105	901	6
919	3181	1091	1101	45	282	2
920	3182	1101	890	47	902	3
921	3183	890	1122	170	5569	18
922	3184	1122	1107	20	1020	1
923	3185	1080	1100	67	204	1
924	3186	1122	1123	21	0	0
925	3187	1094	1124	75	1156	7
926	3188	1125	1126	76	1224	6
927	3189	1127	1128	88	1063	7
928	3190	296	1127	47	204	1
929	3191	1127	1129	65	94	1
930	3192	1129	1130	60	204	1
931	3198	919	1131	17	0	0
932	3199	1132	1133	460	0	0
933	3200	1132	1134	87	187	2
934	3201	1134	1135	449	0	0
935	3203	413	378	389	434	2
936	3210	296	1136	107	0	0
937	3211	1137	1138	13	0	0
938	3267	1139	1140	36	657	5
939	3275	1141	1142	23	282	2
940	3276	1143	1144	23	298	2
941	3277	1145	1146	30	94	1
942	3278	1012	1147	25	596	2
943	3279	1148	1149	21	3060	3
944	3280	1150	1151	51	748	4
945	3281	1152	1153	19	408	1
946	3282	1154	1155	25	562	3
947	3290	830	1156	86	400	4
948	3291	1156	1157	55	502	2
949	3292	1158	1159	8	1208	2
950	3293	1138	1160	64	867	9
951	3294	1160	1161	5	0	0
952	3295	1136	1137	51	0	0
953	3300	1162	1163	123	94	1
954	3301	1164	1165	70	375	4
955	3302	554	1166	27	1360	3
956	3305	1127	1167	63	816	4
957	3306	1168	1169	17	187	2
958	3308	1112	1170	18	408	2
959	3309	1108	1171	41	213	2
960	3310	1172	1173	77	204	1
961	3311	1174	1175	131	187	2
962	3312	1176	1005	34	408	1
963	3313	1177	1178	61	0	0
964	3315	1179	1094	50	1004	5
965	3316	1123	1180	77	408	1
966	3317	1180	1115	44	0	0
967	3318	1100	1181	69	204	1
968	3319	1181	1110	113	188	1
969	3320	1182	1183	86	408	1
970	3321	1184	1185	97	238	1
971	3347	1103	1186	97	595	4
972	3348	1186	1187	9	0	0
973	3352	992	293	133	706	4
974	3380	282	1162	275	0	0
975	3381	1162	839	282	0	0
976	3382	1083	1172	31	0	0
977	3383	1172	1084	231	119	1
978	3388	1188	543	697	298	2
979	3389	1189	1190	154	918	5
980	3390	1190	1191	10	0	0
981	3392	1192	1193	820	0	0
982	3393	255	1194	86	527	3
983	3394	1194	1114	82	417	3
984	3395	557	1194	18	0	0
985	3396	96	1073	47	298	2
986	3397	1050	1195	21	0	0
987	3398	1196	1164	29	0	0
988	3399	1164	846	142	468	5
989	3400	554	1196	13	0	0
990	3401	1187	1197	22	119	1
991	3402	1113	1198	68	442	2
992	3403	1198	1199	1079	1012	7
993	3404	1112	1113	23	0	0
994	3405	1108	1200	15	0	0
995	3406	1123	1201	17	0	0
996	3407	1125	1202	6	0	0
997	3408	1202	1203	22	187	2
998	3409	1202	1204	24	0	0
999	3410	1204	1205	20	187	2
1000	3411	1204	1206	29	0	0
1001	3412	1206	1207	21	187	2
1002	3413	1208	1209	63	884	5
1003	3414	1119	1168	63	1081	7
1004	3415	1168	1124	74	706	3
1005	3416	1210	1116	58	425	4
1006	3417	1211	1210	48	1412	3
1007	3418	1212	1211	58	1156	6
1008	3419	1213	1212	13	0	0
1009	3420	1136	573	52	935	8
1010	3422	897	1214	74	612	3
1011	3423	1214	895	42	391	3
1012	3424	1215	301	808	0	0
1013	3425	1215	1216	19	0	0
1014	3426	352	1217	40	204	1
1015	3427	1217	1218	52	0	0
1016	3428	1219	336	57	0	0
1017	3429	898	1220	57	187	2
1018	3430	953	101	50	119	1
1019	3431	103	951	100	715	4
1020	3432	124	126	27	94	1
1021	3433	126	937	34	1292	4
1022	3434	1221	445	78	470	3
1023	3437	1222	1223	35	188	1
1024	3438	456	1222	125	842	5
1025	3441	1224	1225	88	204	1
1026	3442	521	236	324	0	0
1027	3446	1226	366	105	0	0
1028	3447	366	1227	593	510	4
1029	3452	1228	1229	13	0	0
1030	3453	1175	1230	512	0	0
1031	3454	1231	1230	342	0	0
1032	3455	1191	1232	533	119	1
1033	3456	1232	1233	97	94	1
1034	3457	1234	1235	50	391	3
1035	3458	1236	1237	20	0	0
1036	3459	1238	1239	152	0	0
1037	3461	1239	1240	285	1394	7
1038	3462	1241	752	23	204	1
1039	3463	369	1242	696	0	0
1040	3464	1243	14	74	119	1
1041	3465	1244	1245	15	0	0
1042	3466	1244	1246	25	213	2
1043	3467	1247	1248	18	408	1
1044	3468	1249	1250	56	94	1
1045	3469	1251	527	82	706	3
1046	3470	528	529	60	0	0
1047	3471	396	555	13	0	0
1048	3472	392	393	101	298	2
1049	3473	530	1252	107	94	1
1050	3474	1253	1254	72	204	1
1051	3475	669	1255	643	612	3
1052	3476	1032	1048	238	204	1
1053	3477	1032	1031	230	0	0
1054	3478	427	1256	51	0	0
1055	3479	1256	428	107	0	0
1056	3480	1256	1257	78	188	1
1057	3482	429	990	180	282	2
1058	3495	1021	1258	37	119	1
1059	3497	1259	1260	103	298	2
1060	3498	1143	1145	43	0	0
1061	3499	1145	8	155	213	2
1062	3500	1012	1013	59	612	3
1063	3501	1261	1262	33	612	3
1064	3502	1262	662	70	1105	5
1065	3503	1177	969	7	0	0
1066	3504	969	1178	14	0	0
1067	3505	1178	958	14	204	1
1068	3506	1005	971	34	1386	4
1069	3507	1006	1177	25	604	2
1070	3508	956	1263	3	0	0
1071	3509	1263	1264	32	520	4
1072	3510	1264	962	32	646	2
1073	3511	1008	1152	31	0	0
1074	3512	1152	1154	45	884	2
1075	3513	98	1141	3	0	0
1076	3514	1141	1004	80	911	6
1077	3515	1265	1266	80	1794	7
1078	3516	1266	803	108	876	5
1079	3517	1150	967	75	1394	5
1080	3518	1267	1268	111	766	6
1081	3519	1268	1269	54	561	6
1082	3520	1270	1271	190	204	1
1083	3522	1272	1273	305	0	0
1084	3523	1273	1231	250	187	2
1085	3524	1273	1274	112	94	1
1086	3525	532	1275	97	0	0
1087	3526	532	1276	412	748	4
1088	3527	1192	697	336	282	2
1089	3529	754	1277	153	0	0
1090	3530	1277	1278	84	204	1
1091	3531	1228	1279	608	281	3
1092	3532	1279	1238	498	94	1
1093	3533	1279	1280	217	408	1
1094	3534	484	778	111	0	0
1095	3536	778	1281	222	94	1
1096	3537	1282	1283	72	0	0
1097	3538	1283	1284	193	94	1
1098	3539	1285	1286	154	204	1
1099	3540	904	1287	166	204	1
1100	3541	1287	1288	899	0	0
1101	3542	1287	1289	85	119	1
1102	3543	757	1290	32	0	0
1103	3544	1290	1291	98	94	1
1104	3545	1292	1290	253	94	1
1105	3546	1293	1294	123	0	0
1106	3547	1293	1295	101	94	1
1107	3548	1296	702	295	94	1
1108	3549	702	1224	68	0	0
1109	3550	901	1297	635	374	4
1110	3551	1297	1298	390	94	1
1111	3552	1297	1299	119	119	1
1112	3553	788	1300	249	204	1
1113	3554	1300	876	205	340	1
1114	3555	1300	1301	138	94	1
1115	3556	737	1302	498	187	2
1116	3557	1302	1303	11	0	0
1117	3558	1302	1304	170	204	1
1118	3559	876	1305	167	0	0
1119	3560	1305	1216	178	119	1
1120	3561	1305	1306	114	204	1
1121	3563	1116	1307	99	987	5
1122	3564	1307	1107	72	1395	4
1123	3565	1308	1309	92	680	5
1124	3566	1309	1310	43	510	4
1125	3567	1161	1311	34	561	6
1126	3568	1311	1158	40	655	7
1127	3569	1111	1312	38	689	5
1128	3570	1312	1093	15	408	2
1129	3571	1313	1314	31	655	7
1130	3572	1314	1315	24	281	3
1131	3573	1138	1308	65	0	0
1132	3575	1197	1316	18	204	1
1133	3576	1316	1089	15	0	0
1134	3577	1121	1317	38	1020	1
1135	3578	1318	1319	83	1412	10
1136	3579	1317	1320	29	375	3
1137	3581	1321	1117	40	188	1
1138	3582	1322	1212	23	374	2
1139	3583	1201	1179	14	94	1
1140	3584	269	1323	30	94	1
1141	3585	1323	1324	39	0	0
1142	3586	1325	1326	803	94	1
1143	3587	1327	1328	24	0	0
1144	3588	706	1324	21	0	0
1145	3591	138	1329	60	0	0
1146	3592	1329	624	229	0	0
1147	3593	1185	1109	45	0	0
1148	3594	134	1330	64	0	0
1149	3595	1330	1331	121	119	1
1150	3596	1067	1332	167	187	2
1151	3597	1332	297	119	928	6
1152	3598	1333	1334	52	391	3
1153	3599	1334	1070	47	527	3
1154	3600	1082	1335	110	1207	6
1155	3601	1335	1067	78	876	7
1156	3602	1077	1336	27	612	2
1157	3605	1079	1337	122	408	2
1158	3606	1337	1338	162	0	0
1159	3607	1336	1339	135	1190	8
1160	3608	1339	1340	79	561	4
1161	3609	1341	689	51	213	2
1162	3610	690	1342	53	612	2
1163	3611	1343	1344	100	94	1
1164	3612	1344	1345	88	94	1
1165	3613	333	1346	117	808	6
1166	3614	1346	1347	138	1777	10
1167	3615	1348	1349	131	1513	10
1168	3616	1350	1351	80	1098	4
1169	3617	1351	1352	79	502	3
1170	3618	1352	1353	85	690	4
1171	3619	1353	1354	96	502	3
1172	3621	1355	1356	135	1335	9
1173	3622	1357	1350	51	204	1
1174	3623	1350	1358	108	485	4
1175	3625	754	1233	495	0	0
1176	3626	774	1359	580	298	2
1177	3628	1227	1360	780	204	1
1178	3629	1255	1049	681	119	1
1179	3630	1023	1031	272	612	2
1180	3631	1200	1109	38	298	2
1181	3633	1361	1362	808	0	0
1182	3636	1363	1188	223	204	1
1183	3638	1364	1365	67	502	3
1184	3639	1366	1367	43	204	1
1185	3640	1368	1369	60	204	1
1186	3641	1370	1371	124	0	0
1187	3642	1372	1371	55	94	1
1188	3643	1373	160	771	408	2
1189	3644	160	621	441	417	3
1190	3647	764	759	453	204	1
1191	3648	752	741	210	1675	8
1192	3649	1275	1374	351	188	1
1193	3650	1374	1375	418	0	0
1194	3652	1376	1377	222	204	1
1195	3653	1377	1378	97	0	0
1196	3654	1291	1376	375	0	0
1197	3655	1379	1378	371	94	1
1198	3656	1380	1381	405	408	2
1199	3657	681	62	282	469	4
1200	3658	900	899	114	1064	8
1201	3659	935	934	143	0	0
1202	3660	386	394	173	0	0
1203	3661	1382	404	692	697	3
1204	3662	704	403	90	391	3
1205	3663	404	405	390	0	0
1206	3664	1383	1384	35	519	4
1207	3665	444	448	145	468	3
1208	3666	439	454	36	238	1
1209	3667	452	443	50	188	1
1210	3668	457	452	65	188	1
1211	3669	433	457	163	0	0
1212	3670	1385	1366	85	298	2
1213	3671	361	1386	316	0	0
1214	3672	1387	1388	59	656	4
1215	3693	1250	1389	46	0	0
1216	3694	1389	1390	5	0	0
1217	3695	1391	1248	85	408	1
1218	3696	1392	1248	67	0	0
1219	3697	1390	1393	172	1914	10
1220	3704	1394	1395	52	0	0
1221	3705	1396	1397	1228	94	1
1222	3706	1394	1397	124	187	2
1223	3707	143	1398	169	0	0
1224	3708	625	1399	265	204	1
1225	3709	638	1400	145	119	1
1226	3712	1401	635	96	0	0
1227	3713	1402	1403	791	0	0
1228	3714	274	1404	251	612	3
1229	3715	1404	1037	250	2000	11
1230	3716	1405	1054	409	213	2
1231	3717	1406	1405	72	0	0
1232	3718	1047	1406	494	323	2
1233	3719	1033	1049	583	0	0
1234	3720	298	524	250	2432	5
1235	3723	294	1199	1205	94	1
1236	3733	1407	1408	9	0	0
1237	3734	1409	1410	246	0	0
1238	3735	1411	17	58	502	3
1239	3761	1412	692	339	0	0
1240	3762	1413	1414	104	510	4
1241	3770	541	522	732	0	0
1242	3772	523	1227	439	0	0
1243	3786	1416	1417	1765	0	0
1244	3787	1175	1236	842	0	0
1245	3788	1242	398	1286	783	5
1246	3790	706	1323	39	0	0
1247	3792	1418	1419	34	0	0
1248	3793	1419	1420	371	408	1
1249	3794	1420	1421	226	0	0
1250	3795	362	1422	652	0	0
1251	3796	1421	1423	40	204	1
1252	3797	1423	683	17	0	0
1253	3798	683	1424	49	408	2
1254	3799	1424	332	9	0	0
1255	3800	332	1425	40	204	1
1256	3801	1426	1427	133	442	3
1257	3802	1427	1428	154	204	1
1258	3803	1428	1429	82	119	1
1259	3804	268	580	141	0	0
1260	3805	1430	77	35	187	2
1261	3806	1430	1431	41	204	1
1262	3807	1431	334	68	392	2
1263	3808	221	1432	38	188	1
1264	3809	1432	1433	32	119	1
1265	3810	1433	1434	102	757	7
1266	3811	582	1435	65	527	2
1267	3813	617	1343	161	298	2
1268	3814	1354	1436	21	374	2
1269	3815	1437	1438	76	910	4
1270	3816	1438	1346	90	706	3
1271	3817	1346	1348	94	604	5
1272	3818	1348	1345	93	680	7
1273	3819	1345	1352	117	536	4
1274	3820	1352	1341	118	715	4
1275	3821	1439	1440	55	298	2
1276	3822	1441	229	61	816	3
1277	3823	1327	1442	55	298	2
1278	3824	586	1372	47	0	0
1279	3825	1400	1443	406	392	2
1280	3826	1443	345	149	0	0
1281	3827	1444	1402	853	442	3
1282	3828	1445	1351	49	408	1
1283	3829	1351	1446	111	621	4
1284	3830	1447	1448	111	1751	11
1285	3831	1353	1344	141	1301	7
1286	3832	1344	333	191	2917	11
1287	3833	1449	1349	27	612	3
1288	3834	221	1450	43	94	1
1289	3835	1450	1451	21	596	3
1290	3836	1450	1452	103	1233	6
1291	3837	1432	1453	67	1191	5
1292	3838	1454	1431	38	706	4
1293	3839	1455	334	39	281	3
1294	3840	1456	1445	22	204	1
1295	3841	582	1457	27	204	1
1296	3842	1457	1458	63	213	2
1297	3843	1458	1459	106	987	5
1298	3844	1460	1457	41	690	4
1299	3845	1461	1462	54	486	3
1300	3846	1438	1461	78	401	3
1301	3847	1461	1463	63	1105	6
1302	3848	1464	1347	24	187	2
1303	3849	1437	1465	33	527	3
1304	3850	1466	1467	47	323	2
1305	3851	619	1468	468	510	1
1306	3852	1468	1469	613	0	0
1307	3853	1469	1470	194	282	2
1308	3854	1468	1471	609	408	1
1309	3855	1472	1470	676	94	1
1310	3856	1473	1469	130	188	1
1311	3857	587	1474	64	187	2
1312	3858	1475	1476	80	0	0
1313	3859	584	1477	54	0	0
1314	3860	686	1478	47	204	1
1315	3861	1478	1479	57	417	3
1316	3862	1478	1480	37	1547	4
1317	3863	50	1481	103	1097	7
1318	3864	1482	1483	39	204	1
1319	3865	1483	1484	92	1428	9
1320	3866	222	1485	36	646	3
1321	3867	1486	266	23	204	1
1322	3868	266	222	26	0	0
1323	3872	259	308	30	204	1
1324	3873	715	140	1432	0	0
1325	3874	624	614	39	0	0
1326	3875	1488	93	101	0	0
1327	3876	1489	10	1073	621	4
1328	3877	280	11	967	375	3
1329	3878	253	1490	87	0	0
1330	3879	11	256	102	1089	6
1331	3880	258	1491	36	188	1
1332	3881	1491	1492	117	94	1
1333	3882	340	1368	72	0	0
1334	3883	1368	1475	11	0	0
1335	3884	1475	584	57	646	4
1336	3885	586	587	20	94	1
1337	3886	1493	1385	79	740	4
1338	3887	1367	1476	34	332	3
1339	3888	1477	1494	92	902	6
1340	3889	1494	1474	35	94	1
1341	3890	1474	1364	45	0	0
1342	3891	1364	589	46	0	0
1343	3892	589	1470	10	0	0
1344	3893	1492	1495	273	94	1
1345	3895	1496	596	311	204	1
1346	3896	596	623	159	0	0
1347	3898	1497	1498	64	0	0
1348	3899	1498	594	288	94	1
1349	3900	1373	623	85	0	0
1350	3901	594	361	184	0	0
1351	3902	1386	714	167	204	1
1352	3903	1498	359	266	0	0
1353	3904	1499	673	377	188	1
1354	3905	673	1500	185	119	1
1355	3906	1500	1501	506	0	0
1356	3907	1500	665	431	204	1
1357	3910	1502	1503	43	204	1
1358	3911	961	1504	615	0	0
1359	3912	1504	1503	43	0	0
1360	3913	1503	1497	167	119	1
1361	3914	1503	359	378	731	3
1362	3915	1502	1504	38	0	0
1363	3916	252	1505	97	612	2
1364	3917	1506	254	122	119	1
1365	3918	252	1507	60	298	2
1366	3919	250	809	186	94	1
1367	3930	1508	1401	47	0	0
1368	3933	640	1398	538	391	3
1369	3934	1509	1510	18	188	1
1370	3935	1511	645	79	408	1
1371	3936	647	1512	20	0	0
1372	3937	647	1509	163	1377	8
1373	3938	1509	1513	18	0	0
1374	3939	659	1514	128	0	0
1375	3940	1514	1515	301	94	1
1376	3942	1516	1508	883	204	1
1377	3943	1517	1516	381	323	2
1378	3944	1516	1403	771	94	1
1379	3945	1403	1518	795	1615	5
1380	3946	1518	1519	653	0	0
1381	3947	1520	1521	39	94	1
1382	3948	1521	1522	538	910	3
1383	3949	1411	271	53	612	3
1384	3950	608	1523	39	94	1
1385	3952	614	139	82	0	0
1386	3953	657	1524	17	204	1
1387	3954	139	153	174	3264	4
1388	3956	1425	1426	816	0	0
1389	3957	1525	1526	71	612	2
1390	3958	1527	342	44	204	1
1391	3960	88	1528	72	0	0
1392	3961	1529	229	73	282	2
1393	3963	1327	1326	1334	1904	7
1394	3964	593	1491	50	94	1
1395	3966	1530	629	456	588	5
1396	3967	1531	1435	70	969	5
1397	3968	1532	1448	96	0	0
1398	3969	1448	1341	84	0	0
1399	3970	1353	1448	111	690	3
1400	3971	1533	1534	23	298	2
1401	3972	686	1534	44	910	4
1402	3973	1534	1535	166	817	6
1403	3974	629	631	831	630	3
1404	3976	1536	1537	37	357	2
1405	3977	1538	1536	71	765	4
1406	3978	1539	1540	51	527	3
1407	3979	1541	1542	63	392	2
1408	3980	1459	1543	37	187	2
1409	3981	688	1527	31	629	2
1410	3982	1544	1456	10	94	1
1411	3983	1436	1532	92	2321	8
1412	3984	83	1430	34	281	3
1413	3985	580	1543	66	0	0
1414	3986	1421	1541	110	612	3
1415	3987	1541	617	165	392	2
1416	3988	591	1493	30	0	0
1417	3989	1545	590	132	0	0
1418	3990	138	1418	640	0	0
1419	3991	1546	1547	89	0	0
1420	3994	621	1548	669	0	0
1421	3998	1548	1325	381	536	4
1422	4002	1549	1551	556	0	0
1423	4004	599	1552	119	0	0
1424	4006	1540	1553	12	408	2
1425	4008	599	1554	944	0	0
1426	4009	1555	579	181	94	1
1427	4010	1556	1557	36	1522	3
1428	4011	1558	1559	30	188	1
1429	4012	1560	1561	136	0	0
1430	4013	1562	1563	48	204	1
1431	4015	268	1564	125	1700	5
1432	4016	1341	1565	83	0	0
1433	4017	588	1566	69	94	1
1434	4018	1567	1515	111	94	1
1435	4019	1547	1568	51	442	3
1436	4020	1568	1569	50	204	1
1437	4021	598	1570	74	1020	1
1438	4022	1129	1571	89	1343	6
1439	4023	1554	260	358	0	0
1440	4024	1554	1572	693	0	0
1441	4026	1573	1556	34	204	1
1442	4027	1556	1574	17	204	1
1443	4028	1575	1576	42	94	1
1444	4029	1576	1573	34	0	0
1445	4030	659	1577	39	0	0
1446	4031	1577	633	132	408	2
1447	4032	710	1578	94	213	2
1448	4033	1578	629	398	646	4
1449	4034	1518	1579	53	213	2
1450	4035	1424	1580	53	0	0
1451	4036	1580	1581	18	119	1
1452	4037	1580	1582	18	119	1
1453	4038	87	1421	107	204	1
1454	4039	87	1583	53	204	1
1455	4040	1584	1428	46	408	1
1456	4043	1446	1565	3	0	0
1457	4044	1585	1561	7	0	0
1458	4045	1561	1586	17	0	0
1459	4046	1585	1560	14	0	0
1460	4047	1560	43	16	187	2
1461	4048	45	1436	43	0	0
1462	4049	45	1558	16	0	0
1463	4050	1527	1525	19	0	0
1464	4051	1587	1481	42	596	2
1465	4052	1588	51	30	0	0
1466	4053	1562	1343	51	0	0
1467	4054	1562	81	60	0	0
1468	4055	1536	1547	95	408	2
1469	4056	1589	579	349	1020	1
1470	4058	628	1444	453	204	1
1471	4059	1590	229	54	408	2
1472	4060	1591	1555	131	323	2
1473	4061	1552	261	27	0	0
1474	4062	1592	261	131	0	0
1475	4064	253	1593	20	0	0
1476	4065	1593	1594	395	408	1
1477	4066	1574	1595	34	0	0
1478	4067	1595	23	140	119	1
1479	4068	1596	1597	49	656	4
1480	4069	1597	1598	13	119	1
1481	4070	1515	643	184	0	0
1482	4071	643	347	63	0	0
1483	4072	1599	146	163	94	1
1484	4073	1600	1601	78	94	1
1485	4074	1601	1602	4	0	0
1486	4075	1603	1604	85	808	6
1487	4077	1480	1605	29	774	8
1488	4078	1487	1606	27	0	0
1489	4079	1607	1591	286	2372	17
1490	4080	1608	1609	165	502	3
1491	4081	1568	1610	74	1820	7
1492	4082	1611	233	105	1318	5
1493	4091	1606	1612	94	1064	6
1494	4094	1613	1614	44	3060	3
1495	4095	1343	1354	166	2577	18
1496	4096	1532	48	110	2746	14
1497	4097	1615	1616	154	3069	15
1498	4098	1617	1616	238	323	2
1499	4099	1618	1619	54	0	0
1500	4100	1429	1617	28	0	0
1501	4101	1429	1620	22	0	0
1502	4103	1617	1619	27	0	0
1503	4104	1619	1620	24	0	0
1504	4105	1269	1621	29	375	3
1505	4106	1621	1622	30	562	4
1506	4107	1623	1624	88	1013	5
1507	4108	1624	1625	61	1098	6
1508	4109	1052	1626	33	188	1
1509	4110	1626	1150	30	0	0
1510	4114	1627	1628	115	918	5
1511	4115	1345	1629	80	298	2
1512	4116	1629	1466	104	595	4
1513	4119	1586	1630	42	94	1
1514	4170	29	1396	258	94	1
1515	4183	1131	1631	43	511	3
1516	4185	1240	747	11	0	0
1517	4186	747	753	15	0	0
1518	4187	753	675	9	0	0
1519	4188	675	1240	17	0	0
1520	4203	1632	1633	535	408	2
1521	4204	1633	1488	148	612	2
1522	4210	1634	1635	84	0	0
1523	4211	1634	661	448	3324	8
1524	4212	1019	1636	88	2040	2
1525	4213	1636	1637	87	527	2
1526	4214	1638	1639	116	1124	11
1527	4215	1640	1641	47	213	2
1528	4216	938	1642	41	502	3
1529	4217	1642	952	7	0	0
1530	4218	942	1640	37	0	0
1531	4219	912	1643	36	187	2
1532	4221	1641	1644	16	94	1
1533	4222	1644	911	17	0	0
1534	4223	367	12	32	0	0
1535	4225	1333	108	77	0	0
1536	4226	1645	1646	138	579	4
1537	4227	1338	1645	57	0	0
1538	4230	367	1647	169	0	0
1539	4231	1640	1648	111	0	0
1540	4232	1648	1643	39	0	0
1541	4233	1647	1649	26	0	0
1542	4243	1631	1650	21	94	1
1543	4244	1650	1647	43	0	0
1544	4246	1650	1649	46	204	1
1545	4247	1243	1651	27	0	0
1546	4248	1642	1648	73	0	0
1547	4251	1635	1652	192	0	0
1548	4252	1653	1120	88	0	0
1549	4253	1208	1654	5	0	0
1550	4254	1654	1655	17	188	2
1551	4255	1137	1656	81	1029	5
1552	4256	1656	568	96	816	7
1553	4259	85	1657	91	392	2
1554	4260	1657	1658	85	94	1
1555	4294	979	824	66	0	0
1556	4301	1482	1659	47	298	2
1557	4302	1659	1588	110	2202	10
1558	4315	1660	1219	87	204	1
1559	4316	1660	1661	180	442	3
1560	4317	486	1660	881	0	0
1561	4393	883	1662	65	0	0
1562	4394	1663	260	886	0	0
1563	4397	424	1664	91	94	1
1564	4406	1665	1666	395	0	0
1565	4407	1667	1666	210	94	1
1566	4408	1418	615	341	612	2
1567	4409	425	400	57	0	0
1568	4410	1668	1669	68	408	1
1569	4423	1670	1669	90	0	0
1570	4424	1669	1671	17	0	0
1571	4425	1671	1672	25	0	0
1572	4426	1671	1668	23	0	0
1573	4427	1668	1673	21	0	0
1574	4432	395	1674	65	94	1
1575	4450	893	1662	25	204	1
1576	4451	1662	795	51	0	0
1577	4452	1670	1241	201	1173	9
1578	4453	1673	1670	85	187	2
1579	4454	356	1672	73	298	2
1580	4455	1672	1673	30	0	0
1581	4456	1675	1422	228	0	0
1582	4457	1422	615	247	0	0
1583	4480	1659	1676	91	2567	4
1584	4496	1677	1678	98	2040	2
1585	4507	1356	1677	55	0	0
1586	4512	142	1679	126	94	1
1587	4681	1680	1550	646	0	0
1588	4682	1680	1415	888	0	0
1589	4691	235	542	108	204	1
1590	4692	235	1681	273	0	0
1591	4693	1682	1683	224	0	0
1592	4694	1683	1684	776	1522	3
1593	4695	1685	1683	180	0	0
1594	4696	1684	234	1049	0	0
1595	4698	1416	1230	715	0	0
1596	4700	1686	1362	796	0	0
1597	4906	1686	1361	316	0	0
1598	4910	541	1375	1501	0	0
1599	4911	541	477	1203	0	0
1600	4912	1687	470	264	94	1
1601	4913	1687	1363	53	0	0
1602	4914	1688	1363	242	527	3
1603	4915	1688	1685	360	808	3
1604	4916	544	1689	380	408	2
1605	4917	1689	1690	345	204	1
1606	4918	731	1691	33	0	0
1607	4919	1692	1189	98	375	3
1608	4920	1693	1189	9	0	0
1609	4921	1189	1235	87	119	1
1610	4922	678	1692	23	408	1
1611	4923	1694	1693	54	119	1
1612	4924	1693	1191	161	204	1
1613	6454	1695	1696	103	1438	7
1614	6455	1696	1247	140	1148	7
1615	6456	1697	1695	132	963	8
1616	6457	1392	1696	123	1200	8
1617	6458	1390	1698	109	0	0
1618	6459	1698	1697	6	0	0
1619	6460	1697	1699	62	0	0
1620	6461	1699	1392	14	0	0
1621	6462	1393	1698	75	188	1
1622	6463	1699	1248	302	3791	19
1623	6464	1700	1016	38	902	6
1624	6465	1016	1701	36	673	5
1625	6468	1702	1703	59	978	6
1626	6469	1704	1705	36	595	4
1627	6470	1706	4	243	2840	19
1628	6471	97	540	64	0	0
1629	6472	540	1707	105	996	7
1630	6473	1708	1709	44	357	2
1631	6474	1652	1708	58	408	2
1632	6475	1708	1710	80	706	3
1633	6476	1711	1712	130	1370	8
1634	6477	1713	1714	150	2125	12
1635	6478	1715	1716	129	1284	9
1636	6479	1020	1717	85	536	3
1637	6480	1717	1009	12	0	0
1638	6481	1718	1719	101	1156	8
1639	6482	1710	1720	16	0	0
1640	6483	1720	1721	25	715	4
1641	6485	434	1383	85	376	2
1642	6486	1383	458	77	282	2
1643	6487	443	441	107	0	0
1644	6488	441	1722	448	0	0
1645	6490	449	1723	371	204	1
1646	6492	492	1724	101	204	1
1647	6494	1098	1725	11	213	2
1648	6495	1099	1726	91	910	5
1649	6496	494	1096	115	502	2
1650	6497	1727	1726	246	204	1
1651	6506	423	1728	906	94	1
1652	6507	1728	1729	114	204	1
1653	6508	1729	1730	447	204	1
1654	6509	1388	1731	24	562	3
1655	6512	1253	1732	331	663	4
1656	6513	1388	1252	130	0	0
1657	6514	1252	1732	358	188	1
1658	6515	1732	432	94	94	1
1659	6538	1733	1734	21	357	2
1660	6539	1735	1244	47	502	2
1661	6540	1736	1737	28	282	2
1662	6541	1738	1739	33	94	1
1663	6542	1393	1740	40	706	3
1664	6543	1133	1249	421	401	3
1665	6544	1249	1741	31	0	0
1666	6545	1742	1735	43	282	2
1667	6546	1735	1251	36	238	1
1668	6547	528	1743	31	188	1
1669	6548	1743	1744	16	0	0
1670	6549	1744	1745	14	0	0
1671	6550	1745	1746	839	0	0
1672	6551	1747	1743	63	1030	8
1673	6552	1738	1748	50	0	0
1674	6553	1738	1745	101	0	0
1675	6554	1749	1742	24	0	0
1676	6555	1749	1750	19	188	1
1677	6556	1750	1139	59	936	5
1678	6557	1389	1695	161	1370	8
1679	6558	764	763	25	0	0
1680	6559	760	484	137	94	1
1681	6560	871	782	856	213	2
1682	6561	872	132	142	0	0
1683	6562	902	372	262	2143	13
1684	6563	892	882	37	528	2
1685	6564	1003	662	193	2814	8
1686	6565	1105	850	31	204	1
1687	6566	1102	1187	80	213	2
1688	6597	1396	1751	111	0	0
1689	6598	1751	1143	54	0	0
1690	6600	814	559	13	0	0
1691	6602	796	1490	237	94	1
1692	6603	1717	718	45	0	0
1693	6604	718	1752	73	612	3
1694	6607	716	808	27	94	1
1695	6608	806	303	75	94	1
1696	6612	998	1753	61	902	6
1697	6613	4	97	67	2227	4
1698	6614	1004	821	83	0	0
1699	6615	821	819	7	0	0
1700	6616	819	822	64	204	1
1701	6617	822	977	6	0	0
1702	6618	977	979	69	204	1
1703	6619	69	1754	106	1148	10
1704	6620	1716	1714	14	0	0
1705	6621	1714	1711	74	442	2
1706	6622	1711	1652	19	0	0
1707	6624	1705	1718	60	0	0
1708	6625	1718	1702	8	0	0
1709	6626	1702	1755	50	0	0
1710	6627	1755	834	16	0	0
1711	6628	834	983	59	0	0
1712	6629	983	243	40	0	0
1713	6631	9	504	522	323	2
1714	6632	506	1395	96	0	0
1715	6633	1395	765	92	502	2
1716	6634	506	1394	73	204	1
1717	6635	1756	1751	52	94	1
1718	6636	8	504	546	0	0
1719	6638	965	668	495	578	5
1720	6639	797	809	30	0	0
1721	6640	809	964	1121	0	0
1722	6641	1757	1758	70	204	1
1723	6645	1691	1229	23	0	0
1724	6646	1229	1272	478	94	1
1725	6647	1691	1228	25	0	0
1726	6648	948	14	18	0	0
1727	6649	238	1759	606	0	0
1728	6650	523	1361	757	0	0
1729	6715	498	1760	696	94	1
1730	6716	1760	407	647	188	1
1731	6717	414	1135	1109	340	1
1732	6718	547	1761	184	94	1
1733	6719	1761	1762	143	204	1
1734	6720	1763	682	339	0	0
1735	6722	1746	682	132	0	0
1736	6723	1730	1746	694	527	3
1737	6737	1764	1765	15	408	2
1738	6738	1766	1213	31	408	1
1739	6739	848	1767	229	1377	7
1740	6740	1767	1768	33	0	0
1741	6741	1102	1769	105	1122	6
1742	6742	1769	1103	76	0	0
1743	6745	1770	999	77	408	1
1744	6774	1130	1125	10	0	0
1745	6775	1213	1771	63	375	3
1746	6776	551	1124	187	1700	11
1747	6777	1768	1772	43	502	2
1748	6778	824	827	65	0	0
1749	6779	824	1773	33	731	3
1750	6780	1002	1774	89	1395	8
1751	6781	1774	1261	36	536	3
1752	6782	1775	813	148	1216	7
1753	6783	1775	1776	18	0	0
1754	6784	509	975	12	0	0
1755	6785	509	187	95	187	2
1756	6786	1028	1029	102	0	0
1757	6787	1260	1412	574	204	1
1758	6789	807	1777	370	2245	16
1759	6790	1777	716	48	94	1
1760	6791	1057	1413	38	0	0
1761	6792	1413	1058	32	204	1
1762	6794	1042	1063	2010	119	1
1763	6795	731	1778	297	204	1
1764	6796	130	868	73	595	4
1765	6797	921	247	100	204	1
1766	6798	1748	1779	12	282	2
1767	6799	777	1359	225	238	2
1768	6802	1756	1780	70	94	1
1769	6803	1753	1781	61	510	1
1770	6805	1782	1783	47	374	2
1771	6807	1784	1785	34	204	1
1772	6808	1076	1786	71	204	1
1773	6810	406	1787	99	0	0
1774	6811	1787	451	76	0	0
1775	6812	1787	1788	188	94	1
1776	6813	282	1271	341	0	0
1777	6815	885	1789	63	595	3
1778	6816	1789	794	60	408	2
1779	6817	1753	1010	51	282	2
1780	6818	1013	1790	42	119	1
1781	6819	1790	974	281	596	3
1782	6820	551	106	6	0	0
1783	6821	106	1118	105	417	3
1784	6822	1766	1782	65	493	3
1785	6823	1782	550	46	298	2
1786	6824	890	1791	17	0	0
1787	6825	1076	1113	84	188	1
1788	6829	1081	852	58	0	0
1789	6830	1161	570	37	468	5
1790	6831	721	1784	54	0	0
1791	6833	889	1792	16	596	2
1792	6834	1792	1766	49	612	3
1793	6835	1793	1794	46	408	2
1794	6836	1793	1795	31	188	1
1795	6837	790	1796	27	0	0
1796	6838	1796	1793	46	0	0
1797	6839	1796	1797	31	884	3
1798	6840	545	1798	48	282	2
1799	6841	1798	1799	584	94	1
1800	6844	789	1758	262	0	0
1801	6846	1733	1800	37	188	1
1802	6847	1800	1749	57	1021	5
1803	6848	1744	1801	253	4209	26
1804	6849	1801	1736	26	426	2
1805	6850	529	537	253	2450	13
1806	6851	1741	1802	74	282	2
1807	6852	1776	1803	19	94	1
1808	6853	1129	1804	66	1242	6
1809	6858	1805	1806	694	94	1
1810	6861	1232	1807	244	408	2
1811	6862	1236	1234	68	1020	2
1812	6863	336	723	77	425	3
1813	6864	1215	1808	54	1020	2
1814	6866	103	1809	31	1124	6
1815	6867	1243	1639	87	656	6
1816	6868	1639	1810	61	374	4
1817	6869	996	1811	102	1020	1
1818	6870	996	1812	102	1309	7
1819	6871	1812	997	71	842	7
1820	6872	966	1813	7	0	0
1821	6873	1813	1007	209	2023	6
1822	6983	1267	967	82	0	0
1823	6985	1777	1814	50	502	3
1824	6987	1028	1148	305	0	0
1825	6988	1313	1159	22	0	0
1826	6989	1130	1815	70	502	3
1827	6996	1308	1184	34	0	0
1828	6997	1159	1816	13	0	0
1829	6998	1816	1184	43	680	7
1830	6999	1816	1313	14	204	1
1831	7000	1183	1817	37	579	4
1832	7001	1200	1182	22	0	0
1833	7029	1195	1100	45	486	3
1834	7030	985	1818	138	119	1
1835	7031	1818	1026	392	298	2
1836	7039	1063	1061	882	510	1
1837	7040	1768	1079	31	0	0
1838	7043	1684	1805	472	0	0
1839	7044	1081	1819	37	0	0
1840	7045	1819	1333	92	94	1
1841	7047	1694	1692	41	204	1
1842	7049	1759	1226	320	0	0
1843	7050	1759	1820	208	187	2
1844	7051	1277	1821	197	0	0
1845	7052	1821	787	555	672	6
1846	7053	1821	1822	448	204	1
1847	7057	934	1823	220	0	0
1848	7058	1823	909	202	204	1
1849	7059	1824	1823	209	204	1
1850	7060	401	1825	302	94	1
1851	7061	1826	1825	167	204	1
1852	7063	1218	1827	67	94	1
1853	7064	1827	884	96	1284	6
1854	7065	1828	1829	266	0	0
1855	7066	1828	886	181	502	3
1856	7067	125	1830	44	706	4
1857	7068	1830	791	57	0	0
1858	7069	1794	1831	4	0	0
1859	7070	1831	1832	27	188	1
1860	7071	855	856	19	0	0
1861	7073	937	1833	17	0	0
1862	7074	1833	918	124	1302	7
1863	7075	950	1834	140	2984	23
1864	7076	1834	148	67	748	8
1865	7077	149	948	29	527	2
1866	7081	936	1835	62	374	4
1867	7082	1835	546	94	417	3
1868	7083	1765	1836	82	1114	9
1869	7084	1836	1837	17	94	1
1870	7085	1838	1839	58	1336	6
1871	7086	1840	1841	90	646	3
1872	7087	1842	1841	77	510	4
1873	7088	1843	1844	60	655	4
1874	7089	1845	1844	115	952	5
1875	7090	1844	1846	67	1251	6
1876	7091	1612	1842	8	204	1
1877	7092	1842	1845	88	204	1
1878	7093	1845	1439	19	0	0
1879	7094	1439	1847	21	188	1
1880	7095	1848	1612	130	1122	7
1881	7096	1535	1849	76	391	3
1882	7098	1408	1850	48	298	2
1883	7099	1850	1851	85	527	3
1884	7100	1852	1853	67	673	5
1885	7104	1710	1854	13	502	2
1886	7105	70	1716	74	298	2
1887	7106	1705	1855	12	0	0
1888	7107	1855	1856	91	1556	8
1889	7110	1157	1014	76	494	4
1890	7111	983	1857	132	1088	9
1891	7112	1857	1755	130	765	7
1892	7113	244	1259	9	0	0
1893	7114	997	1858	72	731	4
1894	7115	1858	994	8	0	0
1895	7116	1859	1860	60	0	0
1896	7117	1861	1862	251	204	1
1897	7118	1861	1778	13	0	0
1898	7119	1860	1861	214	391	3
1899	7120	1860	1863	177	119	1
1900	7121	1864	1865	68	621	3
1901	7122	1865	1407	92	1021	7
1902	7123	1529	1866	86	520	4
1903	7124	1627	1867	67	910	4
1904	7125	1867	1868	51	298	2
1905	7126	1868	1600	52	392	2
1906	7127	1622	1869	13	468	5
1907	7128	1869	1052	29	374	4
1908	7129	801	1870	88	579	5
1909	7130	1266	1871	113	1462	7
1910	7131	1871	1872	14	204	1
1911	7138	873	1873	118	1207	7
1912	7139	1873	1874	61	578	5
1913	7140	248	1875	43	282	2
1914	7141	1875	946	8	0	0
1915	7142	1876	1512	80	119	1
1916	7143	1524	1877	39	0	0
1917	7144	1877	1878	75	94	1
1918	7145	1878	1879	147	1751	8
1919	7146	1880	606	21	94	1
1920	7147	1881	1882	25	213	2
1921	7148	1883	1573	37	442	3
1922	7149	1884	1885	44	536	4
1923	7150	1886	1879	32	204	1
1924	7151	1575	1887	32	731	3
1925	7152	1888	1889	32	323	2
1926	7153	1574	1596	20	0	0
1927	7154	1513	1890	16	612	3
1928	7155	1891	1892	1283	1089	8
1929	7244	574	572	78	1122	12
1930	7245	1206	1208	28	238	1
1931	7246	1320	1893	30	375	3
1932	7247	1893	1318	53	935	5
1933	7248	463	1653	107	8076	10
1934	7256	1285	1282	365	204	1
1935	7257	1245	1894	5	307	2
1936	7258	1894	1895	40	562	3
1937	7259	1748	1896	43	468	3
1938	7263	564	1086	82	204	1
1939	7266	376	1288	668	595	4
1940	7269	74	704	47	94	1
1941	7270	377	535	45	94	1
1942	7271	1897	535	282	119	1
1943	7272	1898	1899	289	204	1
1944	7273	1898	1900	748	94	1
1945	7274	405	1901	250	0	0
1946	7275	1901	1722	157	94	1
1947	7276	1901	1902	268	188	1
1948	7277	1903	565	62	0	0
1949	7278	1808	1216	33	0	0
1950	7279	1254	1904	139	408	1
1951	7282	1663	1905	149	204	1
1952	7284	1592	1599	345	408	2
1953	7285	1906	344	356	0	0
1954	7286	1907	1616	62	298	2
1955	7287	1908	577	421	0	0
1956	7292	1909	1618	129	376	3
1957	7293	1910	1849	93	1114	5
1958	7294	1911	1552	236	0	0
1959	7295	1912	1913	287	0	0
1960	7296	1912	1914	78	0	0
1961	7297	1914	1915	234	188	1
1962	7298	1914	1589	150	0	0
1963	7299	1589	155	270	731	3
1964	7301	1916	1917	87	238	1
1965	7317	1918	1603	69	1122	7
1966	7318	1919	1604	68	1064	7
1967	7319	1920	1546	17	94	1
1968	7320	224	1482	18	94	1
1969	7321	228	1587	101	2135	10
1970	7322	1529	1921	35	94	1
1971	7323	1866	685	156	1455	8
1972	7324	1533	1867	157	1020	5
1973	7325	1867	233	113	1615	7
1974	7326	42	1922	27	0	0
1975	7327	1342	1355	24	0	0
1976	7328	1526	1615	15	0	0
1977	7329	1615	342	61	0	0
1978	7330	1923	1924	121	1233	10
1979	7331	50	1925	15	94	1
1980	7332	1925	1926	40	612	2
1981	7333	1926	1924	34	680	1
1982	7334	1927	1608	17	187	2
1983	7335	1481	1921	57	0	0
1984	7336	732	1928	37	0	0
1985	7337	1929	265	847	0	0
1986	7339	1930	1931	60	442	3
1987	7340	1859	1932	54	204	1
1988	7341	1932	1929	665	510	1
1989	7342	1929	1928	262	188	1
1990	7343	1928	1933	58	94	1
1991	7346	30	1930	27	0	0
1992	7347	1930	1934	225	2585	16
1993	7348	1935	1932	139	0	0
1994	7349	1936	728	397	94	1
1995	7350	1937	729	327	94	1
1996	7351	1863	729	186	0	0
1997	7353	1938	1520	296	298	2
1998	7354	1939	320	24	0	0
1999	7355	1862	1940	261	0	0
2000	7356	1522	1940	925	0	0
2001	7358	1632	262	78	0	0
2002	7361	1939	1520	67	119	1
2003	7364	1941	1407	305	0	0
2004	7365	1942	1943	6	213	2
2005	7366	1943	1944	27	782	6
2006	7367	1945	1484	44	732	5
2007	7368	1852	1946	67	94	1
2008	7369	1946	1947	57	357	3
2009	7370	1600	1948	96	1037	7
2010	7371	1949	1864	55	119	1
2011	7372	272	1950	255	204	1
2012	7373	1950	1951	345	94	1
2013	7376	1667	1952	153	204	1
2014	7379	1953	339	394	901	7
2015	7380	339	1954	64	119	1
2016	7381	612	1955	43	94	1
2017	7382	1954	141	151	204	1
2018	7384	479	1956	460	298	2
2019	7386	658	17	214	1514	8
2020	7387	23	1328	29	1139	2
2021	7388	1328	606	22	332	2
2022	7389	1957	1958	52	0	0
2023	7390	1959	1960	86	0	0
2024	7391	1876	1575	47	0	0
2025	7392	1885	1877	61	502	3
2026	7393	1882	1878	64	417	3
2027	7394	1889	655	53	392	2
2028	7395	1957	655	93	357	2
2029	7396	1958	1961	233	595	4
2030	7397	1958	1891	290	204	1
2031	7398	17	1962	87	0	0
2032	7399	1962	1959	32	0	0
2033	7400	1959	1876	150	0	0
2034	7401	1506	1963	65	612	2
2035	7402	1963	1505	80	0	0
2036	7403	254	1964	63	213	2
2037	7404	1964	252	81	0	0
2038	7405	1892	1519	808	204	1
2039	7406	1892	1965	200	0	0
2040	7407	1961	1517	154	0	0
2041	7408	1892	1966	596	204	1
2042	7410	1519	1967	799	213	2
2043	7411	1968	1969	208	0	0
2044	7412	1969	1970	151	408	1
2045	7414	604	1426	192	94	1
2046	7415	1970	1908	52	188	1
2047	7416	1356	1907	36	94	1
2048	7417	604	1971	81	1530	8
2049	7418	36	1356	108	1802	6
2050	7420	1972	1584	75	1174	5
2051	7421	1428	1973	132	527	2
2052	7424	1325	348	45	0	0
2053	7425	348	269	184	391	3
2054	7426	1974	1324	1017	188	1
2055	7430	308	1329	1348	0	0
2056	7432	1494	1473	181	510	4
2057	7433	1370	1372	107	94	1
2058	7487	352	1975	132	919	5
2059	7488	1975	1808	27	0	0
2060	7490	1829	877	394	375	3
2061	7491	1747	1976	125	589	4
2062	7494	1977	1269	34	281	3
2063	7495	1283	1293	54	94	1
2064	7496	1742	1802	66	527	2
2065	7497	896	1978	38	408	2
2066	7499	1104	1903	83	2856	8
2067	7500	1400	245	79	94	1
2068	7501	245	1399	179	204	1
2069	7502	651	1979	124	0	0
2070	7503	1979	649	61	0	0
2071	7504	1980	1979	189	119	1
2072	7505	1511	1981	382	0	0
2073	7506	1981	1400	261	408	1
2074	7507	1981	1982	278	204	1
2075	7511	632	1983	242	204	1
2076	7512	1983	1951	371	323	2
2077	7513	1983	1984	268	204	1
2078	7514	1929	1985	444	94	1
2079	7515	1986	1987	462	187	2
2080	7516	1986	1988	94	94	1
2081	7517	1410	1989	571	408	2
2082	7518	1989	1986	176	0	0
2083	7520	1917	1906	32	188	1
2084	7521	1906	1618	84	0	0
2085	7522	91	1528	258	0	0
2086	7523	88	1609	445	0	0
2087	7524	1990	1591	32	612	2
2088	7525	1849	1991	5	0	0
2089	7526	1991	1992	122	323	2
2090	7527	1993	1620	46	0	0
2091	7528	1915	1551	319	332	2
2092	7532	1602	1994	31	400	4
2093	7533	1941	1995	381	0	0
2094	7535	1848	1996	26	187	2
2095	7536	1997	1998	99	1556	13
2096	7537	1999	1408	43	323	2
2097	7538	1865	2000	72	783	5
2098	7539	1593	2001	149	1020	1
2099	7540	1594	1502	289	0	0
2100	7541	2002	1594	111	204	1
2101	7542	284	1506	63	0	0
2102	7543	1496	2003	185	0	0
2103	7544	2003	1545	721	935	4
2104	7545	2004	2003	273	119	1
2105	7547	1598	1596	36	0	0
2106	7548	1608	2005	150	1828	9
2107	7549	2005	1851	176	3043	13
2108	7550	1851	1913	77	187	2
2109	7552	2006	1535	122	1319	9
2110	7554	1609	1607	55	0	0
2111	7555	2005	1607	128	1395	7
2112	7556	1913	1990	71	1114	6
2113	7557	1912	1995	361	0	0
2114	7558	1995	1987	125	323	2
2115	7559	1949	2007	105	408	2
2116	7560	2005	1864	160	1081	7
2117	7561	1864	2008	74	213	2
2118	7562	2008	2009	9	0	0
2119	7563	2009	1623	50	119	1
2120	7564	1623	2010	35	0	0
2121	7565	2010	1920	23	0	0
2122	7566	2011	2010	101	1327	9
2123	7567	2012	2009	102	1275	8
2124	7568	2013	1603	44	204	1
2125	7569	1604	1600	87	655	4
2126	7570	1483	228	47	204	1
2127	7571	225	2014	72	408	2
2128	7572	2014	1997	45	281	3
2129	7573	1997	1840	43	298	2
2130	7574	1840	1852	36	204	1
2131	7575	1947	2015	65	204	1
2132	7576	2015	1838	79	94	1
2133	7578	2015	2016	72	927	6
2134	7580	79	2017	36	2508	9
2135	7581	1543	81	78	0	0
2136	7585	2018	2019	78	1173	10
2137	7586	2019	1435	67	425	4
2138	7587	2014	32	101	656	6
2139	7588	1342	2020	23	357	2
2140	7589	2020	1526	64	204	1
2141	7590	1525	2021	62	204	1
2142	7591	2021	48	153	0	0
2143	7592	1920	2022	91	1123	6
2144	7593	2022	2023	68	1080	6
2145	7594	2008	2024	77	808	5
2146	7595	2024	2025	64	1088	6
2147	7596	1409	2026	536	204	1
2148	7597	2026	1941	217	204	1
2149	7598	2027	230	31	4114	22
2150	7613	1948	1949	77	911	7
2151	7614	1935	1521	1027	510	4
2152	7619	1425	1675	230	0	0
2153	7621	653	1957	119	595	4
2154	7622	653	1524	166	987	6
2155	7623	1476	1477	67	800	3
2156	7624	1385	1367	111	740	5
2157	7625	1528	1911	886	612	2
2158	7627	1922	53	3	0	0
2159	7628	1922	48	74	799	5
2160	7629	1954	612	139	298	2
2161	7630	2028	658	45	0	0
2162	7631	2028	610	55	0	0
2163	7632	1956	2028	317	408	1
2164	7634	138	1974	584	1013	6
2165	7637	1402	1401	187	204	1
2166	7639	1403	1965	489	188	1
2167	7640	2029	1551	460	204	1
2168	7641	1572	2029	270	94	1
2169	7642	1550	1572	558	0	0
2170	7643	1565	1358	79	204	1
2171	7645	2030	1665	209	94	1
2172	7646	1665	601	122	188	1
2173	7647	649	1514	696	935	4
2174	7648	1549	2029	245	298	2
2175	7649	2031	2032	146	119	1
2176	7650	2031	2033	82	935	4
2177	7651	2034	2035	37	2040	2
2178	7653	2036	1633	141	0	0
2179	7654	2036	2031	93	0	0
2180	7656	2037	1569	95	3349	15
2181	7659	1933	2038	161	0	0
2182	7660	2038	1847	247	527	3
2183	7661	2038	2039	112	204	1
2184	7662	1540	2040	39	527	2
2185	7663	2040	1538	29	612	2
2186	7666	1940	2041	298	94	1
2187	7670	1505	2042	72	0	0
2188	7671	2042	1501	558	298	2
2189	7672	598	2043	18	0	0
2190	7673	2043	253	305	0	0
2191	7674	2043	2044	178	204	1
2192	7689	2045	2046	36	816	3
2193	7690	2046	1458	3	0	0
2194	7691	1658	268	108	204	1
2195	7692	1433	2047	72	621	4
2196	7693	2047	2048	11	94	1
2197	7694	77	2049	37	281	3
2198	7696	1447	2050	22	0	0
2199	7698	603	1350	56	596	3
2200	7722	1602	1942	61	833	6
2201	7723	50	687	8	0	0
2202	7724	1868	2051	102	596	3
2203	7725	1538	2052	43	408	2
2204	7726	2049	1585	40	187	2
2205	7727	227	224	41	204	1
2206	7776	2053	2054	110	3333	15
2207	7777	1924	685	63	1599	6
2208	7779	2055	54	51	1004	3
2209	7780	2036	2056	89	238	1
2210	7782	1533	2034	58	782	6
2211	7783	2034	1927	87	689	4
2212	7784	1866	2053	11	0	0
2213	7785	2053	1627	38	408	1
2214	7786	1657	2057	33	408	1
2215	7788	2057	54	122	1054	4
2216	7899	1233	1417	755	94	1
2217	7900	1417	2058	59	0	0
2218	7901	1237	1692	99	0	0
2219	7902	1237	1234	50	119	1
2220	7903	1235	2059	124	1335	9
2221	7904	746	1694	29	0	0
2222	7905	2058	2060	233	204	1
2223	7907	1193	1375	1231	0	0
2224	7913	758	2061	111	204	1
2225	8043	1726	2062	308	298	2
2226	8071	1060	104	196	281	3
2227	8072	104	1063	445	782	4
2228	8140	1035	1045	143	408	1
2229	8141	303	305	52	213	2
2230	8142	305	1775	81	408	2
2231	8169	1726	178	57	332	3
2232	8170	178	492	55	0	0
2233	8172	2063	1106	36	374	2
2234	8174	1046	114	590	94	1
2235	8175	114	273	272	510	1
2236	8176	328	290	338	94	1
2237	8178	290	1034	1086	799	4
2238	8179	1054	2064	43	0	0
2239	8180	2064	1044	175	204	1
2240	8182	1382	216	262	0	0
2241	8183	216	1898	28	0	0
2242	8188	1819	2065	211	1046	7
2243	8189	1260	9	95	0	0
2244	8191	986	2066	74	485	4
2245	8192	2066	671	41	0	0
2246	8195	1010	2067	117	527	3
2247	8196	2067	511	82	0	0
2248	8197	75	2068	48	612	3
2249	8198	2068	1635	98	527	3
2250	8199	1634	2069	107	612	2
2251	8200	2069	2070	3	204	1
2252	8201	1022	1770	67	0	0
2253	8204	2065	2071	120	731	4
2254	8205	2071	2072	150	816	4
2255	8251	238	1681	418	604	2
2256	8254	1729	117	80	0	0
2257	8519	2073	192	391	94	1
2258	8521	1303	735	82	0	0
2259	8522	735	2074	530	204	1
2260	8523	191	1303	233	0	0
2261	8524	739	2075	414	94	1
2262	8525	1298	1379	47	0	0
2263	8527	2075	2074	23	0	0
2264	8528	903	2076	96	0	0
2265	8529	1296	1294	168	0	0
2266	8530	1294	2077	229	0	0
2267	8531	2077	2076	142	94	1
2268	8532	2078	2079	176	0	0
2269	8534	2080	1380	18	0	0
2270	8535	2078	2081	222	188	1
2271	8536	534	2080	233	595	4
2272	8537	1030	1381	534	94	1
2273	8538	1381	2080	121	0	0
2274	8713	2080	2082	1085	0	0
2275	8714	2083	2079	781	638	3
2276	8715	2079	534	66	0	0
2277	8716	2082	670	270	0	0
2278	8717	2083	670	47	94	1
2279	8718	62	2084	582	408	2
2280	8720	2082	2084	711	0	0
2281	8721	2084	908	217	408	1
2282	8722	907	2082	167	204	1
2283	8723	681	460	763	1224	4
2284	8724	546	2085	20	119	1
2285	8725	2085	1764	30	204	1
2286	8726	793	2086	82	94	1
2287	8727	2087	917	30	425	4
2288	8728	1874	2088	16	94	1
2289	8729	791	2089	88	1132	6
2290	8730	2089	2090	49	578	5
2291	8731	481	2091	170	2305	14
2292	10678	921	2092	54	0	0
2293	10679	2092	121	47	408	1
2294	10719	2093	2094	131	2040	4
2295	10720	2095	2096	64	1106	3
2296	10721	2097	1090	17	0	0
2297	10722	2097	2098	55	0	0
2298	10732	576	2099	40	0	0
2299	10744	2099	2100	43	204	1
2300	10745	2100	2101	158	238	2
2301	10747	1784	2097	32	0	0
2302	10788	891	2098	15	0	0
2303	10789	2098	721	11	0	0
2304	10790	2094	2102	86	204	1
2305	10791	1265	2095	39	0	0
2306	10792	2095	805	83	1751	8
2307	10793	1154	2096	9	0	0
2308	10794	2096	1265	20	94	1
2309	10795	671	2103	32	298	2
2310	10799	1675	1420	212	0	0
2311	10802	1970	469	14	0	0
2312	10803	469	1993	245	298	2
2313	10804	1415	473	1029	0	0
2314	10805	473	523	448	0	0
2315	10807	1579	707	8	0	0
2316	10808	707	710	97	612	2
2317	10811	1967	711	93	0	0
2318	10812	711	1968	325	94	1
2319	10814	727	1226	18	0	0
2320	10821	522	470	417	0	0
2321	10836	709	2104	98	298	2
2322	11808	239	1362	107	0	0
2323	11809	1682	2105	526	527	2
2324	11810	2105	1689	552	834	4
2325	11811	755	740	378	281	3
2326	11812	740	2075	238	0	0
2327	11815	1362	477	193	0	0
2328	11822	2106	1763	49	94	1
2329	11823	1763	2107	159	340	1
2330	11824	301	2108	310	204	1
2331	11825	1225	195	141	0	0
2332	11826	195	2077	455	0	0
2333	11828	193	756	967	408	2
2334	11832	2109	1296	600	204	1
2335	11833	2110	1899	261	94	1
2336	11834	406	2111	360	204	1
2337	11839	1960	2112	8	204	1
2338	11844	2113	872	308	238	1
2339	11850	2114	351	247	94	1
2340	11851	726	214	113	0	0
2341	11854	1825	198	441	94	1
2342	11855	198	421	121	0	0
2343	11896	2115	2116	60	714	6
2344	11960	2117	1649	116	188	1
2345	11961	2118	1651	132	408	1
2346	11962	953	2119	31	408	2
2347	11963	2088	2120	33	306	3
2348	11964	940	15	54	119	1
2349	11965	2121	949	78	486	3
2350	11966	2122	2085	24	298	2
2351	12002	1962	2123	64	298	2
2352	12006	0	2124	32	119	1
2353	12007	2060	474	449	0	0
2354	12008	474	1361	800	0	0
2355	12009	1791	2094	19	94	1
2356	12033	1921	2115	67	520	3
2357	12034	2115	1926	49	0	0
2358	12036	31	93	80	0	0
2359	12086	1427	2125	84	16840	21
2360	12087	689	2126	52	1020	1
2361	12088	690	2050	58	408	2
2362	12089	1850	2127	39	408	2
2363	12090	344	2128	119	323	2
2364	12091	1606	2129	24	204	1
2365	12092	2130	31	58	298	2
2366	12116	2131	2132	42	2074	9
2367	12117	2132	1481	64	1700	2
2368	-2	1051	1195	1	0	0
2369	-3	1069	1072	1	0	0
2370	-4	1165	1196	1	0	0
2371	-8	51	1613	181	0	0
2372	-9	59	464	405	0	0
2373	-10	88	1916	479	0	0
2374	-11	138	139	243	0	0
2375	-12	140	153	124	0	0
2376	-13	383	393	1015	0	0
2377	-14	424	427	214	0	0
2378	-15	92	85	662	0	0
2379	-17	1690	2061	1174	0	0
2380	-19	479	337	1049	0	0
2381	-20	610	136	720	0	0
2382	-21	140	614	296	0	0
2383	-22	225	1487	84	0	0
2384	-23	237	756	1378	0	0
2385	-24	920	123	106	0	0
2386	-25	954	726	182	0	0
2387	-26	1034	1271	353	0	0
2388	-27	1114	2063	20	0	0
2389	-29	68	1321	274	0	0
2390	-30	772	773	74	0	0
2391	-31	1415	1416	860	0	0
2392	-32	1487	30	215	0	0
2393	-33	1549	1550	520	0	0
2394	-34	159	1952	973	0	0
2395	-36	1613	1630	47	0	0
2396	-37	1053	1338	487	0	0
2397	-38	957	966	150	0	0
2398	-39	1758	133	378	0	0
2399	-40	674	772	138	0	0
2400	-41	1360	1680	998	0	0
2401	-42	1285	1379	282	0	0
2402	-43	262	1939	156	0	0
2403	-44	1522	762	483	0	0
2404	-45	1472	1471	1039	0	0
2405	-46	146	260	1085	0	0
2406	-48	1193	1686	852	0	0
2407	-49	1086	1087	51	0	0
2408	-50	39	2133	1	0	0
2409	151	2133	40	73	731	4
2410	-7	39	40	73	0	0
END
-----------------------------------------
InputUsedToGenerateTheGraph:
County:	Norddjurs
CenterNodeId:	754
Radius:	12000
HouseTypes:	Normal	Summer	Apartment
NumberOfWasteFractions: 1
IntervalsForWasteFraction:	general	3.5	7.0	14.0
-----------------------------------------


